0.000000000000000000e+00,-9.338948517769378554e+01
2.000000000000000111e-01,-9.220166304303425875e+01
4.000000000000000222e-01,-9.206173364143128879e+01
6.000000000000000888e-01,-9.108892968274338386e+01
8.000000000000000444e-01,-9.070566623756836577e+01
1.000000000000000000e+00,-9.061679438497741046e+01
1.200000000000000178e+00,-8.977113654778163720e+01
1.400000000000000133e+00,-8.992178822212409273e+01
1.600000000000000089e+00,-8.958756748264802638e+01
1.800000000000000044e+00,-8.891745688758319943e+01
2.000000000000000000e+00,-8.899662352031452883e+01
2.200000000000000178e+00,-8.875438397802317070e+01
2.400000000000000355e+00,-8.847805292502302166e+01
2.600000000000000089e+00,-8.844650218385881146e+01
2.800000000000000266e+00,-8.775586871797645472e+01
3.000000000000000000e+00,-8.770024495387586683e+01
3.200000000000000178e+00,-8.771811079308700698e+01
3.400000000000000355e+00,-8.758816706581016831e+01
3.600000000000000089e+00,-8.731959876122172659e+01
3.800000000000000266e+00,-8.687167445004136823e+01
4.000000000000000000e+00,-8.698507338380876774e+01
4.200000000000000178e+00,-8.722790465858007281e+01
4.400000000000000355e+00,-8.681188853609218370e+01
4.600000000000000533e+00,-8.694824960887311249e+01
4.800000000000000711e+00,-8.688692386968145343e+01
5.000000000000000000e+00,-8.629497531082373030e+01
5.200000000000000178e+00,-8.679609235632109687e+01
5.400000000000000355e+00,-8.674585107468074341e+01
5.600000000000000533e+00,-8.705333377700237918e+01
5.800000000000000711e+00,-8.685935442563059894e+01
6.000000000000000000e+00,-8.634335408973798565e+01
6.200000000000000178e+00,-8.658083815506124381e+01
6.400000000000000355e+00,-8.623257419986470040e+01
6.600000000000000533e+00,-8.659756946890377094e+01
6.800000000000000711e+00,-8.647098465027484337e+01
7.000000000000000000e+00,-8.607349616581619500e+01
7.200000000000000178e+00,-8.584238428496041706e+01
7.400000000000000355e+00,-8.602726990618259606e+01
7.600000000000000533e+00,-8.584586188653284466e+01
7.800000000000000711e+00,-8.569110402815203997e+01
8.000000000000000000e+00,-8.583102658246166072e+01
8.200000000000001066e+00,-8.629619052917871613e+01
8.400000000000000355e+00,-8.607006505828090326e+01
8.599999999999999645e+00,-8.586483500546037817e+01
8.800000000000000711e+00,-8.610615527179969320e+01
9.000000000000000000e+00,-8.587082638730083772e+01
9.200000000000001066e+00,-8.636119287834868885e+01
9.400000000000000355e+00,-8.615729139448612273e+01
9.600000000000001421e+00,-8.580270851427080459e+01
9.800000000000000711e+00,-8.647998671961522632e+01
1.000000000000000000e+01,-8.618435644978499965e+01
1.020000000000000107e+01,-8.589943628929279384e+01
1.040000000000000036e+01,-8.631324162251628707e+01
1.060000000000000142e+01,-8.585825362788666837e+01
1.080000000000000071e+01,-8.606226649472837664e+01
1.100000000000000000e+01,-8.592578253404887789e+01
1.120000000000000107e+01,-8.590874916113016013e+01
1.140000000000000036e+01,-8.578837470559169276e+01
1.160000000000000142e+01,-8.596887710540964633e+01
1.180000000000000071e+01,-8.579824251820703296e+01
1.200000000000000000e+01,-8.596415701568389522e+01
1.220000000000000107e+01,-8.566849204577140142e+01
1.240000000000000036e+01,-8.537811110442352458e+01
1.260000000000000142e+01,-8.574678257638778689e+01
1.280000000000000071e+01,-8.574832811034352176e+01
1.300000000000000000e+01,-8.607692830959285857e+01
1.320000000000000107e+01,-8.560802940547934270e+01
1.340000000000000036e+01,-8.596662587385580423e+01
1.360000000000000142e+01,-8.597533337331549319e+01
1.380000000000000071e+01,-8.563003094741739574e+01
1.400000000000000000e+01,-8.572064047276293763e+01
1.420000000000000107e+01,-8.548584025271811981e+01
1.440000000000000036e+01,-8.539885895955733019e+01
1.460000000000000142e+01,-8.589163923031746606e+01
1.480000000000000071e+01,-8.572194914141870470e+01
1.500000000000000000e+01,-8.531143619445163040e+01
1.520000000000000107e+01,-8.550756275234748216e+01
1.540000000000000036e+01,-8.556874348990606904e+01
1.560000000000000142e+01,-8.541840334711409355e+01
1.580000000000000071e+01,-8.589418657654383082e+01
1.600000000000000000e+01,-8.558209433513906106e+01
1.619999999999999929e+01,-8.538724664617890880e+01
1.640000000000000213e+01,-8.533275976343671232e+01
1.660000000000000142e+01,-8.593806297682972684e+01
1.680000000000000071e+01,-8.579805886672697568e+01
1.700000000000000000e+01,-8.563817359517068439e+01
1.719999999999999929e+01,-8.580489664762279745e+01
1.740000000000000213e+01,-8.582947382849351925e+01
1.760000000000000142e+01,-8.555946445261284339e+01
1.780000000000000071e+01,-8.581783020195230449e+01
1.800000000000000000e+01,-8.617553240137981163e+01
1.819999999999999929e+01,-8.563722829799277747e+01
1.840000000000000213e+01,-8.583300493612094328e+01
1.860000000000000142e+01,-8.590900819066249028e+01
1.880000000000000071e+01,-8.611685244608990786e+01
1.900000000000000000e+01,-8.547130038691399534e+01
1.920000000000000284e+01,-8.628091496503411406e+01
1.940000000000000213e+01,-8.614839098363651715e+01
1.960000000000000142e+01,-8.579197728479029195e+01
1.980000000000000071e+01,-8.541527007433698770e+01
2.000000000000000000e+01,-8.539460846811941508e+01
2.020000000000000284e+01,-8.105385618145935211e+01
2.040000000000000213e+01,-7.605978800738174073e+01
2.060000000000000142e+01,-7.175407620408844878e+01
2.080000000000000071e+01,-6.652296240819887885e+01
2.100000000000000000e+01,-6.252502185671565371e+01
2.120000000000000284e+01,-5.746807143518410754e+01
2.140000000000000213e+01,-5.203170633760566943e+01
2.160000000000000142e+01,-4.518413511215469924e+01
2.180000000000000071e+01,-2.536432442433038403e+01
2.200000000000000000e+01,1.409893557125561969e+01
2.220000000000000284e+01,2.291409080481332694e+01
2.240000000000000213e+01,2.230922997208917025e+01
2.260000000000000142e+01,1.973340531186823554e+01
2.280000000000000071e+01,1.771223789468334076e+01
2.300000000000000000e+01,1.536164489651386589e+01
2.320000000000000284e+01,1.296569706148742540e+01
2.340000000000000213e+01,1.273356070683198560e+01
2.360000000000000142e+01,1.040190251828143708e+01
2.380000000000000071e+01,8.833201642416007360e+00
2.400000000000000000e+01,7.072612292366576625e+00
2.420000000000000284e+01,6.101940873362077689e+00
2.440000000000000213e+01,4.670847112202453744e+00
2.460000000000000142e+01,3.702565435038476238e+00
2.480000000000000071e+01,2.448548857054664296e+00
2.500000000000000000e+01,1.697548505630264160e+00
2.520000000000000284e+01,2.167486863660260110e-01
2.540000000000000213e+01,-6.733737319496246876e-01
2.560000000000000142e+01,-1.621267921012413682e+00
2.580000000000000071e+01,-2.596788660574828711e+00
2.600000000000000000e+01,-3.387349964726431129e+00
2.620000000000000284e+01,-3.788993144847065064e+00
2.640000000000000213e+01,-4.537391787337148763e+00
2.660000000000000142e+01,-5.507759059645572997e+00
2.680000000000000071e+01,-6.200835578467839504e+00
2.700000000000000000e+01,-6.469447510777631472e+00
2.720000000000000284e+01,-6.654054773382645394e+00
2.740000000000000213e+01,-7.408170092636146009e+00
2.760000000000000142e+01,-7.389656232109005352e+00
2.780000000000000071e+01,-8.415880725870028556e+00
2.800000000000000000e+01,-8.555924756079434701e+00
2.820000000000000284e+01,-9.565267080394871613e+00
2.840000000000000213e+01,-9.407640038995751297e+00
2.860000000000000142e+01,-9.638053904397846594e+00
2.880000000000000071e+01,-9.716272471850201597e+00
2.900000000000000000e+01,-9.682261654387758654e+00
2.920000000000000284e+01,-1.035115866631950077e+01
2.940000000000000213e+01,-1.023166163611720947e+01
2.960000000000000142e+01,-1.065136285959565754e+01
2.980000000000000071e+01,-1.077924630703228992e+01
3.000000000000000000e+01,-1.133975455633325602e+01
3.020000000000000284e+01,-1.106351808683539240e+01
3.040000000000000213e+01,-1.185448969908486383e+01
3.060000000000000142e+01,-1.162957162669666822e+01
3.080000000000000071e+01,-1.214975670606447800e+01
3.100000000000000000e+01,-1.219150801934408257e+01
3.120000000000000284e+01,-1.256993812548779310e+01
3.140000000000000213e+01,-1.246916557806908088e+01
3.160000000000000142e+01,-1.238111744525117253e+01
3.180000000000000071e+01,-1.260864896736820562e+01
3.200000000000000000e+01,-1.304508119232241725e+01
3.220000000000000284e+01,-1.245161520950115097e+01
3.239999999999999858e+01,-1.284095752132707169e+01
3.260000000000000142e+01,-1.277431256431342455e+01
3.280000000000000426e+01,-1.292647078516082537e+01
3.300000000000000000e+01,-1.338108387151100409e+01
3.320000000000000284e+01,-1.378909859548806693e+01
3.339999999999999858e+01,-1.361576592341814695e+01
3.360000000000000142e+01,-1.316100369311778984e+01
3.380000000000000426e+01,-1.380756418218616410e+01
3.400000000000000000e+01,-1.341373294291391183e+01
3.420000000000000284e+01,-1.384125973248886154e+01
3.439999999999999858e+01,-1.365729811164440122e+01
3.460000000000000142e+01,-1.427612102373401015e+01
3.480000000000000426e+01,-1.359022128224573933e+01
3.500000000000000000e+01,-1.395116580535258599e+01
3.520000000000000284e+01,-1.377657806874217528e+01
3.539999999999999858e+01,-1.400499232564986229e+01
3.560000000000000142e+01,-1.390510508801814105e+01
3.580000000000000426e+01,-1.418010340995520480e+01
3.600000000000000000e+01,-1.401670635890675953e+01
3.620000000000000284e+01,-1.462587325249843140e+01
3.639999999999999858e+01,-1.456268006672648951e+01
3.660000000000000142e+01,-1.415331698571288754e+01
3.680000000000000426e+01,-1.438489212590437027e+01
3.700000000000000000e+01,-1.447099080141823180e+01
3.720000000000000284e+01,-1.449576201141109699e+01
3.739999999999999858e+01,-1.436089165390691491e+01
3.760000000000000142e+01,-1.466858172325436449e+01
3.780000000000000426e+01,-1.442509857658592587e+01
3.800000000000000000e+01,-1.481260458899938648e+01
3.820000000000000284e+01,-1.471504370680774620e+01
3.840000000000000568e+01,-1.439519824130035985e+01
3.860000000000000142e+01,-1.440049557410670822e+01
3.880000000000000426e+01,-1.496816986679147909e+01
3.900000000000000000e+01,-1.450852577515423469e+01
3.920000000000000284e+01,-1.500104197752086321e+01
3.940000000000000568e+01,-1.457983721124642607e+01
3.960000000000000142e+01,-1.525845118641864495e+01
3.980000000000000426e+01,-1.508251139711634004e+01
4.000000000000000000e+01,-1.494881275433558443e+01
4.020000000000000284e+01,-1.488039579872747176e+01
4.040000000000000568e+01,-1.449896059683994665e+01
4.060000000000000142e+01,-1.464385462491117096e+01
4.080000000000000426e+01,-1.448989156433412973e+01
4.100000000000000000e+01,-1.459493681243889185e+01
4.120000000000000284e+01,-1.497907196312094058e+01
4.140000000000000568e+01,-1.498565183364462428e+01
4.160000000000000142e+01,-1.466149655770639804e+01
4.180000000000000426e+01,-1.492727876518052987e+01
4.200000000000000000e+01,-1.498422149876616594e+01
4.220000000000000284e+01,-1.528535006870778545e+01
4.240000000000000568e+01,-1.498372024402529057e+01
4.260000000000000142e+01,-1.565939350408206820e+01
4.280000000000000426e+01,-1.507919941692516907e+01
4.300000000000000000e+01,-1.521265700852516645e+01
4.320000000000000284e+01,-1.479604575172260361e+01
4.340000000000000568e+01,-1.508935385259133177e+01
4.360000000000000142e+01,-1.505143708339850583e+01
4.380000000000000426e+01,-1.463087820233323733e+01
4.400000000000000000e+01,-1.522739324961863439e+01
4.420000000000000284e+01,-1.488242367107152475e+01
4.440000000000000568e+01,-1.543085608604567405e+01
4.460000000000000142e+01,-1.492904503644032665e+01
4.480000000000000426e+01,-1.484233362854075544e+01
4.500000000000000000e+01,-1.472233729442314143e+01
4.520000000000000284e+01,-1.515336016460933344e+01
4.540000000000000568e+01,-1.483913567203720518e+01
4.560000000000000142e+01,-1.482884471874568177e+01
4.580000000000000426e+01,-1.490149373891749285e+01
4.600000000000000000e+01,-1.484644970633173777e+01
4.620000000000000284e+01,-1.475429953544999329e+01
4.640000000000000568e+01,-1.475589960454379757e+01
4.660000000000000142e+01,-1.508851201871266134e+01
4.680000000000000426e+01,-1.512156288591961584e+01
4.700000000000000000e+01,-1.417813483356957072e+01
4.720000000000000284e+01,-1.430565392027561167e+01
4.740000000000000568e+01,-1.511343271545727163e+01
4.760000000000000142e+01,-1.463179270569304791e+01
4.780000000000000426e+01,-1.456525189766704287e+01
4.800000000000000000e+01,-1.451096255461661322e+01
4.820000000000000284e+01,-1.463930096945155057e+01
4.840000000000000568e+01,-1.488063373980368986e+01
4.860000000000000142e+01,-1.466794554560583208e+01
4.880000000000000426e+01,-1.471745111063316180e+01
4.900000000000000000e+01,-1.453230669831446775e+01
4.920000000000000284e+01,-1.460311995839693822e+01
4.940000000000000568e+01,-1.453796660110126737e+01
4.960000000000000142e+01,-1.421832012148655267e+01
4.980000000000000426e+01,-1.413211596929264502e+01
5.000000000000000000e+01,-1.470071224420169642e+01
5.020000000000000284e+01,-1.448498064102285632e+01
5.040000000000000568e+01,-1.453113772626448075e+01
5.060000000000000142e+01,-1.398982212480949094e+01
5.080000000000000426e+01,-1.427178238205833516e+01
5.100000000000000000e+01,-1.385475113823580173e+01
5.120000000000000284e+01,-1.429531978069352327e+01
5.140000000000000568e+01,-1.412721633895150042e+01
5.160000000000000142e+01,-1.442754565113534149e+01
5.180000000000000426e+01,-1.372025405521864272e+01
5.200000000000000000e+01,-1.409091634164510332e+01
5.220000000000000284e+01,-1.432478458499865681e+01
5.240000000000000568e+01,-1.405369751262441902e+01
5.260000000000000142e+01,-1.443274825715877618e+01
5.280000000000000426e+01,-1.381426480487685993e+01
5.300000000000000000e+01,-1.372682576927584819e+01
5.320000000000000284e+01,-1.363041111089559188e+01
5.340000000000000568e+01,-1.327423011686473941e+01
5.360000000000000142e+01,-1.366916909291914273e+01
5.380000000000000426e+01,-1.333606818354961732e+01
5.400000000000000000e+01,-1.340271667173736780e+01
5.420000000000000284e+01,-1.347078588949605660e+01
5.440000000000000568e+01,-1.388216798566543986e+01
5.460000000000000142e+01,-1.306543500027376048e+01
5.480000000000000426e+01,-1.336647538615603814e+01
5.500000000000000000e+01,-1.317299135320997117e+01
5.520000000000000284e+01,-1.343091883860953395e+01
5.540000000000000568e+01,-1.297720108939697425e+01
5.560000000000000142e+01,-1.295440977618638279e+01
5.580000000000000426e+01,-1.290634998525077037e+01
5.600000000000000000e+01,-1.287850726108505484e+01
5.620000000000000284e+01,-1.251242500860097806e+01
5.640000000000000568e+01,-1.246190937488973560e+01
5.660000000000000142e+01,-1.244953324640465908e+01
5.680000000000000426e+01,-1.172710201360802706e+01
5.700000000000000000e+01,-1.263259722951593034e+01
5.720000000000000284e+01,-1.250139806202717452e+01
5.740000000000000568e+01,-1.258300468983214948e+01
5.760000000000000142e+01,-1.214189837161355712e+01
5.780000000000000426e+01,-1.234316283125581570e+01
5.800000000000000000e+01,-1.276508129696753180e+01
5.820000000000000284e+01,-1.231182806508737393e+01
5.840000000000000568e+01,-1.190723507269738590e+01
5.860000000000000142e+01,-1.158845669013947699e+01
5.880000000000000426e+01,-1.214454454701224506e+01
5.900000000000000000e+01,-1.182162475108015975e+01
5.920000000000000284e+01,-1.161535600766874765e+01
5.940000000000000568e+01,-1.167345446947958720e+01
5.960000000000000142e+01,-1.126812890252132604e+01
5.980000000000000426e+01,-1.130831670078049278e+01
6.000000000000000000e+01,-1.113619448008578594e+01
6.020000000000000284e+01,-1.130380549474796759e+01
6.040000000000000568e+01,-1.064315510583367086e+01
6.060000000000000142e+01,-1.093096694333798524e+01
6.080000000000000426e+01,-1.050986642642981828e+01
6.100000000000000000e+01,-1.084418068699782545e+01
6.120000000000000284e+01,-1.048689591291779521e+01
6.140000000000000568e+01,-1.070302368243711477e+01
6.160000000000000142e+01,-1.066847495507455257e+01
6.180000000000000426e+01,-1.050320369864298975e+01
6.200000000000000000e+01,-1.023375057545244182e+01
6.220000000000000284e+01,-1.017093525144495558e+01
6.240000000000000568e+01,-9.624219330218229729e+00
6.260000000000000142e+01,-1.018776871314712729e+01
6.280000000000000426e+01,-1.006355250500035403e+01
6.300000000000000000e+01,-9.255101319679386762e+00
6.320000000000000284e+01,-9.415939686153310006e+00
6.340000000000000568e+01,-9.925284188974508481e+00
6.360000000000000142e+01,-9.216220695042565580e+00
6.380000000000000426e+01,-9.165624110097754240e+00
6.400000000000000000e+01,-9.644302821748766519e+00
6.420000000000000284e+01,-9.082634754521357934e+00
6.440000000000000568e+01,-8.875480860729949129e+00
6.460000000000000853e+01,-8.567963159527627326e+00
6.479999999999999716e+01,-8.390713526553145840e+00
6.500000000000000000e+01,-8.482754944037301570e+00
6.520000000000000284e+01,-8.124517485055122279e+00
6.540000000000000568e+01,-8.294475503628385482e+00
6.560000000000000853e+01,-8.346151225552910446e+00
6.579999999999999716e+01,-8.238039839896083905e+00
6.600000000000000000e+01,-7.740402948572258524e+00
6.620000000000000284e+01,-8.236034311326120516e+00
6.640000000000000568e+01,-7.446331478024812434e+00
6.660000000000000853e+01,-7.760587583931749300e+00
6.679999999999999716e+01,-7.440787333653616109e+00
6.700000000000000000e+01,-7.090555700177180398e+00
6.720000000000000284e+01,-6.777225929595340759e+00
6.740000000000000568e+01,-7.430589157608594064e+00
6.760000000000000853e+01,-7.009577131627870550e+00
6.779999999999999716e+01,-6.657295302879332688e+00
6.800000000000000000e+01,-6.679034011960310657e+00
6.820000000000000284e+01,-6.173991485716602945e+00
6.840000000000000568e+01,-6.769322965140819548e+00
6.860000000000000853e+01,-6.014556851631499335e+00
6.879999999999999716e+01,-5.854774241271023527e+00
6.900000000000000000e+01,-5.804208093109278543e+00
6.920000000000000284e+01,-5.395132204728985137e+00
6.940000000000000568e+01,-5.831300470712512229e+00
6.960000000000000853e+01,-5.098984247542378334e+00
6.979999999999999716e+01,-5.403130438366178900e+00
7.000000000000000000e+01,-4.896320035245284252e+00
7.020000000000000284e+01,-5.008127247748780597e+00
7.040000000000000568e+01,-4.571936653820989349e+00
7.060000000000000853e+01,-4.427946189414042166e+00
7.079999999999999716e+01,-4.835731354903173518e+00
7.100000000000000000e+01,-4.354126972184725552e+00
7.120000000000000284e+01,-4.183550084251171697e+00
7.140000000000000568e+01,-4.064020816576260131e+00
7.160000000000000853e+01,-4.036771267055663692e+00
7.179999999999999716e+01,-3.227515563487364236e+00
7.200000000000000000e+01,-3.479859429364460244e+00
7.220000000000000284e+01,-2.984401403672359621e+00
7.240000000000000568e+01,-3.355752698238597453e+00
7.260000000000000853e+01,-3.318539234632014612e+00
7.279999999999999716e+01,-2.858994009048117402e+00
7.300000000000000000e+01,-2.871200427185874648e+00
7.320000000000000284e+01,-1.970588534154984917e+00
7.340000000000000568e+01,-2.343931511873973417e+00
7.360000000000000853e+01,-1.953759133898085310e+00
7.379999999999999716e+01,-2.134081116611900253e+00
7.400000000000000000e+01,-1.995175415043129563e+00
7.420000000000000284e+01,-1.756584643704096171e+00
7.440000000000000568e+01,-1.494718115071512976e+00
7.460000000000000853e+01,-1.205671479749045760e+00
7.479999999999999716e+01,-1.282694770768893378e+00
7.500000000000000000e+01,-1.256162754585499641e+00
7.520000000000000284e+01,-1.186457313782334211e+00
7.540000000000000568e+01,-7.719812060793800335e-01
7.560000000000000853e+01,-4.427198963657776321e-01
7.579999999999999716e+01,-3.044910995109322838e-01
7.600000000000000000e+01,-2.563605922489983757e-01
7.620000000000000284e+01,-2.348241280181746493e-01
7.640000000000000568e+01,1.190190980466511450e-01
7.660000000000000853e+01,3.923511663206877831e-01
7.680000000000001137e+01,4.071764137749570023e-01
7.700000000000000000e+01,6.113155996846429963e-01
7.720000000000000284e+01,7.122542042488057001e-01
7.740000000000000568e+01,1.145177853436451620e+00
7.760000000000000853e+01,9.728928966262793132e-01
7.780000000000001137e+01,1.294634718011203223e+00
7.800000000000000000e+01,1.512283912398809438e+00
7.820000000000000284e+01,1.760051843830794382e+00
7.840000000000000568e+01,2.117154575910510150e+00
7.860000000000000853e+01,2.076026360802626591e+00
7.880000000000001137e+01,2.220362407298833940e+00
7.900000000000000000e+01,1.865761942329145162e+00
7.920000000000000284e+01,2.546999519960170932e+00
7.940000000000000568e+01,3.130169833303883209e+00
7.960000000000000853e+01,2.509793709794692962e+00
7.980000000000001137e+01,2.622136463052695987e+00
8.000000000000000000e+01,2.982187033638929563e+00
8.020000000000000284e+01,3.449061276744779025e+00
8.040000000000000568e+01,3.481851391326657996e+00
8.060000000000000853e+01,3.387264690380597187e+00
8.080000000000001137e+01,3.652349968560487437e+00
8.100000000000000000e+01,4.074281923887580703e+00
8.120000000000000284e+01,4.135678590281240297e+00
8.140000000000000568e+01,4.726025995717358263e+00
8.160000000000000853e+01,4.520248932664369335e+00
8.180000000000001137e+01,4.505933805417974725e+00
8.200000000000000000e+01,4.718590461251685575e+00
8.220000000000000284e+01,4.623640975351435145e+00
8.240000000000000568e+01,4.610993449116063125e+00
8.260000000000000853e+01,5.041508785925854497e+00
8.280000000000001137e+01,5.262738603160820539e+00
8.300000000000000000e+01,4.931316734789972678e+00
8.320000000000000284e+01,5.288013518056029483e+00
8.340000000000000568e+01,5.463146929288516418e+00
8.360000000000000853e+01,5.757091515120881908e+00
8.380000000000001137e+01,5.759116254975533700e+00
8.400000000000000000e+01,6.067362289731857317e+00
8.420000000000000284e+01,6.110748180433915877e+00
8.440000000000000568e+01,6.479685405801813403e+00
8.460000000000000853e+01,5.913422727508774734e+00
8.480000000000001137e+01,6.880312496227782404e+00
8.500000000000000000e+01,6.943451547464080775e+00
8.520000000000000284e+01,6.722780040026007597e+00
8.540000000000000568e+01,6.992097868588041720e+00
8.560000000000000853e+01,7.098603134388617342e+00
8.580000000000001137e+01,6.878210897348591146e+00
8.600000000000000000e+01,7.217372278308813449e+00
8.620000000000000284e+01,7.482516323374476919e+00
8.640000000000000568e+01,7.475277881615467912e+00
8.660000000000000853e+01,7.768580456040895754e+00
8.680000000000001137e+01,7.635494455771189237e+00
8.700000000000000000e+01,7.735991227085587063e+00
8.720000000000000284e+01,7.625969110250046867e+00
8.740000000000000568e+01,7.826957556814729600e+00
8.760000000000000853e+01,7.901388326509422022e+00
8.780000000000001137e+01,8.538967386697931872e+00
8.800000000000000000e+01,8.267055351492285098e+00
8.820000000000000284e+01,8.049460251388554255e+00
8.840000000000000568e+01,8.489412706440745637e+00
8.860000000000000853e+01,8.430270663793555386e+00
8.880000000000001137e+01,7.801406166347653048e+00
8.900000000000000000e+01,8.769459143743896234e+00
8.920000000000000284e+01,8.344050125450930722e+00
8.940000000000000568e+01,8.957657432985337564e+00
8.960000000000000853e+01,8.651638274438553822e+00
8.980000000000001137e+01,8.604391659616336341e+00
9.000000000000000000e+01,9.167692728954374815e+00
9.020000000000000284e+01,8.743820267481170916e+00
9.040000000000000568e+01,9.077093751792478571e+00
9.060000000000000853e+01,9.309413445259938413e+00
9.080000000000001137e+01,9.479091329438592339e+00
9.100000000000000000e+01,9.578145424443130551e+00
9.120000000000000284e+01,9.446936017831045973e+00
9.140000000000000568e+01,9.310194979680188609e+00
9.160000000000000853e+01,1.005975551073428598e+01
9.180000000000001137e+01,9.486049888570963873e+00
9.200000000000000000e+01,1.014543752161996792e+01
9.220000000000000284e+01,9.636671718822103827e+00
9.240000000000000568e+01,1.009367117252749679e+01
9.260000000000000853e+01,1.012268880268189086e+01
9.280000000000001137e+01,9.643979467541608841e+00
9.300000000000000000e+01,1.004268502542955588e+01
9.320000000000000284e+01,1.018956557592592205e+01
9.340000000000000568e+01,1.022118731411371151e+01
9.360000000000000853e+01,1.003982010383686330e+01
9.380000000000001137e+01,1.020706370656587048e+01
9.400000000000000000e+01,1.007334526318613044e+01
9.420000000000000284e+01,9.917951412461629701e+00
9.440000000000000568e+01,1.049425639488704753e+01
9.460000000000000853e+01,1.014416155644045325e+01
9.480000000000001137e+01,1.066334858424136378e+01
9.500000000000000000e+01,1.050186602439361216e+01
9.520000000000000284e+01,1.015947164549090154e+01
9.540000000000000568e+01,1.037226812275899590e+01
9.560000000000000853e+01,1.036947885246441459e+01
9.580000000000001137e+01,1.025045213384451870e+01
9.600000000000000000e+01,1.061924055899188879e+01
9.620000000000000284e+01,1.039856742821565305e+01
9.640000000000000568e+01,1.094912874392963786e+01
9.660000000000000853e+01,1.077807912565554105e+01
9.680000000000001137e+01,1.036314335117568852e+01
9.700000000000000000e+01,1.059747687615561063e+01
9.720000000000000284e+01,1.056329357590577089e+01
9.740000000000000568e+01,1.024535154435573858e+01
9.760000000000000853e+01,1.088454350595821474e+01
9.780000000000001137e+01,1.090320687409848865e+01
9.800000000000000000e+01,1.090994675085385346e+01
9.820000000000000284e+01,1.057595051006494380e+01
9.840000000000000568e+01,1.096789666730224333e+01
9.860000000000000853e+01,1.065750859494343672e+01
9.880000000000001137e+01,1.095189151925062987e+01
9.900000000000000000e+01,1.117827235208367753e+01
9.920000000000000284e+01,1.076609860485961967e+01
9.940000000000000568e+01,1.038112626570457131e+01
9.960000000000000853e+01,1.066045859234312765e+01
9.980000000000001137e+01,1.090264524933317070e+01
1.000000000000000000e+02,1.104904291664509586e+01
1.002000000000000028e+02,1.046127852024740967e+01
1.004000000000000057e+02,1.069673418015085531e+01
1.006000000000000085e+02,1.080135895833455351e+01
1.008000000000000114e+02,1.084945038198715217e+01
1.010000000000000000e+02,1.096502235844176809e+01
1.012000000000000028e+02,1.049607638801277787e+01
1.014000000000000057e+02,1.062215573847806915e+01
1.016000000000000085e+02,1.097393991045506034e+01
1.018000000000000114e+02,1.081305358844320175e+01
1.020000000000000000e+02,1.081919963003453056e+01
1.022000000000000028e+02,1.097969725332523261e+01
1.024000000000000057e+02,1.071478303144439259e+01
1.026000000000000085e+02,1.081032915026833585e+01
1.028000000000000114e+02,1.058841497891107508e+01
1.030000000000000000e+02,1.031871368396872946e+01
1.032000000000000028e+02,1.031825793651900369e+01
1.034000000000000057e+02,1.064696794202087737e+01
1.036000000000000085e+02,1.056403522395736516e+01
1.038000000000000114e+02,1.043504726753574019e+01
1.040000000000000000e+02,1.066222202458513202e+01
1.042000000000000028e+02,1.034343119305385805e+01
1.044000000000000057e+02,1.057638660120443497e+01
1.046000000000000085e+02,1.052550958366579970e+01
1.048000000000000114e+02,1.030152766071245019e+01
1.050000000000000000e+02,9.917416636602576219e+00
1.052000000000000028e+02,1.083586337840206149e+01
1.054000000000000057e+02,1.052998596381480745e+01
1.056000000000000085e+02,9.763233316927459882e+00
1.058000000000000114e+02,1.030044998032581915e+01
1.060000000000000000e+02,1.048266158718350205e+01
1.062000000000000028e+02,1.030371302806498335e+01
1.064000000000000057e+02,1.048175098314092146e+01
1.066000000000000085e+02,1.006866904453234923e+01
1.068000000000000114e+02,1.033050295844029520e+01
1.070000000000000000e+02,1.024748300117481925e+01
1.072000000000000028e+02,1.018865919950297716e+01
1.074000000000000057e+02,1.015217602589608248e+01
1.076000000000000085e+02,1.022982923843134451e+01
1.078000000000000114e+02,1.038498295654472869e+01
1.080000000000000000e+02,9.990652527424384033e+00
1.082000000000000028e+02,9.992228287628197592e+00
1.084000000000000057e+02,1.010452047738381864e+01
1.086000000000000085e+02,1.000417682742111758e+01
1.088000000000000114e+02,1.009995303894583252e+01
1.090000000000000000e+02,1.015197510539296211e+01
1.092000000000000028e+02,1.026357003569794024e+01
1.094000000000000057e+02,9.879561081354337304e+00
1.096000000000000085e+02,9.306784201299953097e+00
1.098000000000000114e+02,9.825684643307615929e+00
1.100000000000000000e+02,9.898094050301601499e+00
1.102000000000000028e+02,9.728984906199290350e+00
1.104000000000000057e+02,9.703081224833539409e+00
1.106000000000000085e+02,9.098506841910191767e+00
1.108000000000000114e+02,9.798458446947261535e+00
1.110000000000000000e+02,9.554874827250033675e+00
1.112000000000000028e+02,9.222133803865563806e+00
1.114000000000000057e+02,9.345674212182551344e+00
1.116000000000000085e+02,9.310562851819955910e+00
1.118000000000000114e+02,9.641819045948478717e+00
1.120000000000000000e+02,9.592530446718299686e+00
1.122000000000000028e+02,9.792932141248959610e+00
1.124000000000000057e+02,9.537990503135137743e+00
1.126000000000000085e+02,8.999509385413585250e+00
1.128000000000000114e+02,8.946185959221788053e+00
1.130000000000000000e+02,9.541896609387109152e+00
1.132000000000000028e+02,9.611280484881623565e+00
1.134000000000000057e+02,9.120238367138135516e+00
1.136000000000000085e+02,9.279121408365860191e+00
1.138000000000000114e+02,8.722627840967163593e+00
1.140000000000000000e+02,8.571990772646607581e+00
1.142000000000000028e+02,8.723282113712222952e+00
1.144000000000000057e+02,8.886009866115998079e+00
1.146000000000000085e+02,8.803188788168908374e+00
1.148000000000000114e+02,8.833943362165362245e+00
1.150000000000000000e+02,8.726375461247709353e+00
1.152000000000000028e+02,8.976334994860636129e+00
1.154000000000000057e+02,9.120505693222138888e+00
1.156000000000000085e+02,8.729511246305282413e+00
1.158000000000000114e+02,9.184542839457781938e+00
1.160000000000000000e+02,8.474767435733584264e+00
1.162000000000000028e+02,8.458166281154776200e+00
1.164000000000000057e+02,8.642202410321212724e+00
1.166000000000000085e+02,8.412153413215220255e+00
1.168000000000000114e+02,8.750462834834625170e+00
1.170000000000000000e+02,8.251036276133117298e+00
1.172000000000000028e+02,8.696871381855920902e+00
1.174000000000000057e+02,8.369401818757845390e+00
1.176000000000000085e+02,8.916661212557293936e+00
1.178000000000000114e+02,8.113493191788332837e+00
1.180000000000000000e+02,8.132860390302285580e+00
1.182000000000000028e+02,8.173750845513412244e+00
1.184000000000000057e+02,7.545680952793687446e+00
1.186000000000000085e+02,8.194904192541201837e+00
1.188000000000000114e+02,8.117753131002871214e+00
1.190000000000000000e+02,7.977882355815644644e+00
1.192000000000000028e+02,7.517276127967916999e+00
1.194000000000000057e+02,7.469371877369842316e+00
1.196000000000000085e+02,7.955122129953108079e+00
1.198000000000000114e+02,8.054539312429684017e+00
1.200000000000000000e+02,8.111463130512307274e+00
1.202000000000000028e+02,7.440917466911790790e+00
1.204000000000000057e+02,7.358841049213530106e+00
1.206000000000000085e+02,7.500153625982461492e+00
1.208000000000000114e+02,7.025641790216269555e+00
1.210000000000000000e+02,7.323618870907395717e+00
1.212000000000000028e+02,7.634920804218788604e+00
1.214000000000000057e+02,7.781593134756393582e+00
1.216000000000000085e+02,7.393550809646241895e+00
1.218000000000000114e+02,7.684572999571475549e+00
1.220000000000000000e+02,7.327681495027669634e+00
1.222000000000000028e+02,7.223191718113626258e+00
1.224000000000000057e+02,7.082739447908464214e+00
1.226000000000000085e+02,7.122447207245458323e+00
1.228000000000000114e+02,6.961979723343249660e+00
1.230000000000000000e+02,6.940314667138655302e+00
1.232000000000000028e+02,6.759790690185479178e+00
1.234000000000000057e+02,6.939617285802962776e+00
1.236000000000000085e+02,6.827943864515545691e+00
1.238000000000000114e+02,6.403788365566000174e+00
1.240000000000000000e+02,6.662741353011987222e+00
1.242000000000000028e+02,6.458115507474751382e+00
1.244000000000000057e+02,6.108986128189073384e+00
1.246000000000000085e+02,6.690898245881545137e+00
1.248000000000000114e+02,6.908380841061216415e+00
1.250000000000000000e+02,7.059815229011923599e+00
1.252000000000000028e+02,6.806555994179356084e+00
1.254000000000000057e+02,6.146715703581485002e+00
1.256000000000000085e+02,6.606590853334834534e+00
1.258000000000000114e+02,6.541018346798831651e+00
1.260000000000000000e+02,5.712252585855773113e+00
1.262000000000000028e+02,6.372602718663594068e+00
1.264000000000000057e+02,6.262051546590703843e+00
1.266000000000000085e+02,6.093843916444062536e+00
1.268000000000000114e+02,6.073090222021748197e+00
1.270000000000000000e+02,5.963218420219688731e+00
1.272000000000000028e+02,6.304244094214154437e+00
1.274000000000000057e+02,5.743346156512886047e+00
1.276000000000000085e+02,5.741258040352237302e+00
1.278000000000000114e+02,5.740457531051844420e+00
1.280000000000000000e+02,5.754813122428677374e+00
1.282000000000000171e+02,5.192292411068799574e+00
1.284000000000000057e+02,5.927228496079127495e+00
1.285999999999999943e+02,5.583839044523443818e+00
1.288000000000000114e+02,5.616549619255295944e+00
1.290000000000000000e+02,5.470503530844503359e+00
1.292000000000000171e+02,5.321398340263622906e+00
1.294000000000000057e+02,5.225961803639682657e+00
1.295999999999999943e+02,5.285494948240772928e+00
1.298000000000000114e+02,5.246105715513269097e+00
1.300000000000000000e+02,5.443467526844289139e+00
1.302000000000000171e+02,5.187660448812945191e+00
1.304000000000000057e+02,5.014203436014818216e+00
1.305999999999999943e+02,5.490583313757769091e+00
1.308000000000000114e+02,4.620389920715765264e+00
1.310000000000000000e+02,4.551437705608362805e+00
1.312000000000000171e+02,4.921324269174022881e+00
1.314000000000000057e+02,4.725705485178840703e+00
1.315999999999999943e+02,4.281217207608167818e+00
1.318000000000000114e+02,4.592819566258489417e+00
1.320000000000000000e+02,4.439168203529429313e+00
1.322000000000000171e+02,4.845514835559249889e+00
1.324000000000000057e+02,4.353266622366398053e+00
1.325999999999999943e+02,4.717027391642313106e+00
1.328000000000000114e+02,4.515061528009226777e+00
1.330000000000000000e+02,4.294224861619299283e+00
1.332000000000000171e+02,4.296742030992874994e+00
1.334000000000000057e+02,4.344206105661904793e+00
1.335999999999999943e+02,3.605575848259226834e+00
1.338000000000000114e+02,4.209849171356554010e+00
1.340000000000000000e+02,3.978752106292413160e+00
1.342000000000000171e+02,4.468415929052934388e+00
1.344000000000000057e+02,3.791477840614624117e+00
1.345999999999999943e+02,4.195250724121741825e+00
1.348000000000000114e+02,3.226149665886137718e+00
1.350000000000000000e+02,4.003765292615876881e+00
1.352000000000000171e+02,3.814320792954627226e+00
1.354000000000000057e+02,3.628685590389395532e+00
1.355999999999999943e+02,3.605321216430806164e+00
1.358000000000000114e+02,3.515467114225423018e+00
1.360000000000000000e+02,3.631382319231674760e+00
1.362000000000000171e+02,3.437054803995741370e+00
1.364000000000000057e+02,2.968629742298319218e+00
1.365999999999999943e+02,3.314021084622252200e+00
1.368000000000000114e+02,3.864026864026284258e+00
1.370000000000000000e+02,3.261894196558566161e+00
1.372000000000000171e+02,3.267680003768192343e+00
1.374000000000000057e+02,3.030234477269376114e+00
1.375999999999999943e+02,3.127992070202003649e+00
1.378000000000000114e+02,3.073660991098122075e+00
1.380000000000000000e+02,2.908536592858634862e+00
1.382000000000000171e+02,3.134282230624918508e+00
1.384000000000000057e+02,2.632293540154063027e+00
1.385999999999999943e+02,2.775078709305117020e+00
1.388000000000000114e+02,2.878423747779434105e+00
1.390000000000000000e+02,2.629910852938978749e+00
1.392000000000000171e+02,2.335162826756664423e+00
1.394000000000000057e+02,2.725139343879328990e+00
1.395999999999999943e+02,2.284443753507046981e+00
1.398000000000000114e+02,2.362538247357246046e+00
1.400000000000000000e+02,2.211680704940829134e+00
1.402000000000000171e+02,2.335359253330589802e+00
1.404000000000000057e+02,2.199990470892299044e+00
1.405999999999999943e+02,2.132957362458452799e+00
1.408000000000000114e+02,2.366090081269449641e+00
1.410000000000000000e+02,2.580711140501294132e+00
1.412000000000000171e+02,1.994867356200246133e+00
1.414000000000000057e+02,2.159070503270573926e+00
1.415999999999999943e+02,1.883688312777307416e+00
1.418000000000000114e+02,1.941386762026303003e+00
1.420000000000000000e+02,2.142673449125630292e+00
1.422000000000000171e+02,1.817368584207957438e+00
1.424000000000000057e+02,1.544943693711193777e+00
1.425999999999999943e+02,1.510360071875639365e+00
1.428000000000000114e+02,1.482642584142482178e+00
1.430000000000000000e+02,1.577467203193067879e+00
1.432000000000000171e+02,1.739237118106746527e+00
1.434000000000000057e+02,1.128953290991360436e+00
1.435999999999999943e+02,1.153226021454401007e+00
1.438000000000000114e+02,1.125286702238531111e+00
1.440000000000000000e+02,8.629225282516107542e-01
1.442000000000000171e+02,1.575584924828406175e+00
1.444000000000000057e+02,1.178818755805638441e+00
1.445999999999999943e+02,1.606896499245602072e+00
1.448000000000000114e+02,7.193858867587477057e-01
1.450000000000000000e+02,1.342762194475927817e+00
1.452000000000000171e+02,7.875317557594905260e-01
1.454000000000000057e+02,8.048089869733374702e-01
1.455999999999999943e+02,6.030983423723004222e-01
1.458000000000000114e+02,5.565423485942527781e-01
1.460000000000000000e+02,4.067219030533996138e-01
1.462000000000000171e+02,7.353727981142720305e-01
1.464000000000000057e+02,2.963522366590542467e-01
1.465999999999999943e+02,5.080468685959546038e-01
1.468000000000000114e+02,5.097739620618211287e-01
1.470000000000000000e+02,6.222864730595671912e-01
1.472000000000000171e+02,4.242738920715862783e-01
1.474000000000000057e+02,4.230325501612901551e-01
1.475999999999999943e+02,4.148123459270278701e-01
1.478000000000000114e+02,2.253885990831475949e-01
1.480000000000000000e+02,2.640139112104833430e-01
1.482000000000000171e+02,-1.282934835372857851e-01
1.484000000000000057e+02,-1.337871357566263464e-01
1.485999999999999943e+02,4.778866177229374457e-01
1.488000000000000114e+02,-5.601140218005927485e-02
1.490000000000000000e+02,-2.873047317253745736e-01
1.492000000000000171e+02,1.786740050504368460e-01
1.494000000000000057e+02,-2.621374656532775016e-01
1.495999999999999943e+02,-4.411945912615248266e-01
1.498000000000000114e+02,-6.984786650776046990e-01
1.500000000000000000e+02,-1.980304196874349276e-01
1.502000000000000171e+02,-7.211646289889567241e-01
1.504000000000000057e+02,-6.410467135068779188e-01
1.505999999999999943e+02,-4.019756304067423347e-01
1.508000000000000114e+02,-5.738169270993361826e-01
1.510000000000000000e+02,-6.980691080589433994e-01
1.512000000000000171e+02,-7.867085202645643927e-01
1.514000000000000057e+02,-5.034907779519350868e-01
1.515999999999999943e+02,-2.891767167176378939e-01
1.518000000000000114e+02,-1.040719432113396570e+00
1.520000000000000000e+02,-8.180982448326975520e-01
1.522000000000000171e+02,-5.349300417601233759e-01
1.524000000000000057e+02,-8.041822485053236047e-01
1.525999999999999943e+02,-1.302481090736645530e+00
1.528000000000000114e+02,-1.295280024259591434e+00
1.530000000000000000e+02,-1.393948429499106245e+00
1.532000000000000171e+02,-1.529673046623778010e+00
1.534000000000000057e+02,-1.514153586120484452e+00
1.536000000000000227e+02,-1.349582463460250681e+00
1.538000000000000114e+02,-1.618691277909298343e+00
1.540000000000000000e+02,-1.309775137802311695e+00
1.542000000000000171e+02,-1.554910421583525437e+00
1.544000000000000057e+02,-1.741912721595585190e+00
1.546000000000000227e+02,-1.478023384297540321e+00
1.548000000000000114e+02,-1.676724740534478286e+00
1.550000000000000000e+02,-1.747179609753907181e+00
1.552000000000000171e+02,-1.610322424260522967e+00
1.554000000000000057e+02,-1.783957614096554289e+00
1.556000000000000227e+02,-2.011446660419705434e+00
1.558000000000000114e+02,-1.806787240445905773e+00
1.560000000000000000e+02,-2.020805957157865151e+00
1.562000000000000171e+02,-1.425772930047538134e+00
1.564000000000000057e+02,-1.937397670777482261e+00
1.566000000000000227e+02,-1.980740982179257426e+00
1.568000000000000114e+02,-2.003274504592349459e+00
1.570000000000000000e+02,-2.363045723731364234e+00
1.572000000000000171e+02,-2.111768320656931319e+00
1.574000000000000057e+02,-2.491142928780558208e+00
1.576000000000000227e+02,-2.761768709262046873e+00
1.578000000000000114e+02,-2.751968000384852342e+00
1.580000000000000000e+02,-2.535982321270782602e+00
1.582000000000000171e+02,-3.115250743966696767e+00
1.584000000000000057e+02,-2.729885278802326898e+00
1.586000000000000227e+02,-3.021065382294949142e+00
1.588000000000000114e+02,-2.716429416932806262e+00
1.590000000000000000e+02,-3.139533576239274204e+00
1.592000000000000171e+02,-2.541921636416824448e+00
1.594000000000000057e+02,-2.875050572207403121e+00
1.596000000000000227e+02,-3.441227526074961407e+00
1.598000000000000114e+02,-2.741330338939839795e+00
1.600000000000000000e+02,-3.294840080079258549e+00
1.602000000000000171e+02,-3.476901819098374258e+00
1.604000000000000057e+02,-3.607987197745804675e+00
1.606000000000000227e+02,-3.267099173153678926e+00
1.608000000000000114e+02,-3.089910966542461335e+00
1.610000000000000000e+02,-3.667647009606702202e+00
1.612000000000000171e+02,-3.829441739834872127e+00
1.614000000000000057e+02,-3.921954914631967437e+00
1.616000000000000227e+02,-3.319918698362558818e+00
1.618000000000000114e+02,-3.333324294018281453e+00
1.620000000000000000e+02,-3.895107066148458586e+00
1.622000000000000171e+02,-3.730541467637718878e+00
1.624000000000000057e+02,-3.922668005027647897e+00
1.626000000000000227e+02,-3.994068233129958401e+00
1.628000000000000114e+02,-3.794868794079843788e+00
1.630000000000000000e+02,-3.982593693206924357e+00
1.632000000000000171e+02,-4.067412556751223818e+00
1.634000000000000057e+02,-4.279875918372196608e+00
1.636000000000000227e+02,-4.059770679073339217e+00
1.638000000000000114e+02,-4.391104945048643238e+00
1.640000000000000000e+02,-4.365048331792667824e+00
1.642000000000000171e+02,-4.379577517037085421e+00
1.644000000000000057e+02,-4.791645862209681361e+00
1.646000000000000227e+02,-4.623032538833470539e+00
1.648000000000000114e+02,-4.683302860480243801e+00
1.650000000000000000e+02,-4.636735777736589625e+00
1.652000000000000171e+02,-4.996866318896892700e+00
1.654000000000000057e+02,-5.072415446066115052e+00
1.656000000000000227e+02,-4.426767871837846258e+00
1.658000000000000114e+02,-4.600368200803990781e+00
1.660000000000000000e+02,-4.724054472977589292e+00
1.662000000000000171e+02,-4.546934008866527321e+00
1.664000000000000057e+02,-4.955053153307471980e+00
1.666000000000000227e+02,-5.139523449353664120e+00
1.668000000000000114e+02,-5.052999860936608023e+00
1.670000000000000000e+02,-5.700143493507250803e+00
1.672000000000000171e+02,-5.561608082493836314e+00
1.674000000000000057e+02,-5.154180873631434956e+00
1.676000000000000227e+02,-5.392426096708224925e+00
1.678000000000000114e+02,-5.776715558700665554e+00
1.680000000000000000e+02,-5.349385140711015119e+00
1.682000000000000171e+02,-5.320992905733646694e+00
1.684000000000000057e+02,-5.460433164863550459e+00
1.686000000000000227e+02,-5.691647470018314614e+00
1.688000000000000114e+02,-5.949741055603424478e+00
1.690000000000000000e+02,-5.770470262657935834e+00
1.692000000000000171e+02,-5.747262841531009414e+00
1.694000000000000057e+02,-6.000250381511556874e+00
1.696000000000000227e+02,-5.816437514870042236e+00
1.698000000000000114e+02,-5.945165594672853437e+00
1.700000000000000000e+02,-5.997055528473696384e+00
1.702000000000000171e+02,-6.645012933918686748e+00
1.704000000000000057e+02,-5.923131525676566866e+00
1.706000000000000227e+02,-5.818816335383721672e+00
1.708000000000000114e+02,-6.407023108549138257e+00
1.710000000000000000e+02,-6.732105075535288918e+00
1.712000000000000171e+02,-6.259604068119775988e+00
1.714000000000000057e+02,-6.592189091807910017e+00
1.716000000000000227e+02,-6.773946462301396743e+00
1.718000000000000114e+02,-6.284164727812593831e+00
1.720000000000000000e+02,-6.990820028962748012e+00
1.722000000000000171e+02,-6.521980180918709458e+00
1.724000000000000057e+02,-7.069613532784379650e+00
1.726000000000000227e+02,-6.448435971931150590e+00
1.728000000000000114e+02,-6.741167897948878718e+00
1.730000000000000000e+02,-6.990937679510782488e+00
1.732000000000000171e+02,-6.945509017739464497e+00
1.734000000000000057e+02,-6.893571694708606756e+00
1.736000000000000227e+02,-6.887841240075543325e+00
1.738000000000000114e+02,-6.944567334567305572e+00
1.740000000000000000e+02,-7.071011857272194057e+00
1.742000000000000171e+02,-7.383197761658098379e+00
1.744000000000000057e+02,-7.153968891962016130e+00
1.746000000000000227e+02,-7.703934642505535280e+00
1.748000000000000114e+02,-7.181173204346527505e+00
1.750000000000000000e+02,-7.270015954848783934e+00
1.752000000000000171e+02,-7.195795927238951784e+00
1.754000000000000057e+02,-7.747537548163322185e+00
1.756000000000000227e+02,-7.609793714921963215e+00
1.758000000000000114e+02,-7.497756522040167404e+00
1.760000000000000000e+02,-7.688822184728652864e+00
1.762000000000000171e+02,-7.930889222348341150e+00
1.764000000000000057e+02,-7.803302366192641060e+00
1.766000000000000227e+02,-7.919016716015356394e+00
1.768000000000000114e+02,-7.742965071660559140e+00
1.770000000000000000e+02,-8.204849653801234766e+00
1.772000000000000171e+02,-8.018681539944866543e+00
1.774000000000000057e+02,-8.086116598827526758e+00
1.776000000000000227e+02,-8.025789552547045957e+00
1.778000000000000114e+02,-8.289093069265192071e+00
1.780000000000000000e+02,-8.294765906118186649e+00
1.782000000000000171e+02,-8.400032590479145966e+00
1.784000000000000057e+02,-8.429455284789497682e+00
1.786000000000000227e+02,-8.491534437839412419e+00
1.788000000000000114e+02,-8.630938676660070641e+00
1.790000000000000000e+02,-7.898031670795488068e+00
1.792000000000000171e+02,-8.871414285295003310e+00
1.794000000000000057e+02,-9.009344345964143130e+00
1.796000000000000227e+02,-8.970429594558195774e+00
1.798000000000000114e+02,-9.004542725610130915e+00
1.800000000000000000e+02,-8.879652631979871202e+00
1.802000000000000171e+02,-8.580236270777321650e+00
1.804000000000000057e+02,-8.571306703947440653e+00
1.806000000000000227e+02,-8.989480202346975091e+00
1.808000000000000114e+02,-9.728748565187084196e+00
1.810000000000000000e+02,-9.063465082001954443e+00
1.812000000000000171e+02,-9.542553531668822586e+00
1.814000000000000057e+02,-9.395375691627943837e+00
1.816000000000000227e+02,-9.612916846494652390e+00
1.818000000000000114e+02,-9.274341811972437455e+00
1.820000000000000000e+02,-9.592636098195606920e+00
1.822000000000000171e+02,-9.298166592815197973e+00
1.824000000000000057e+02,-9.427058710596311286e+00
1.826000000000000227e+02,-9.661565053947317239e+00
1.828000000000000114e+02,-9.636546515093881382e+00
1.830000000000000000e+02,-9.482446247637058789e+00
1.832000000000000171e+02,-9.859924434002671489e+00
1.834000000000000057e+02,-9.593052737255876039e+00
1.836000000000000227e+02,-9.881828260389308838e+00
1.838000000000000114e+02,-9.864667555981332825e+00
1.840000000000000000e+02,-9.787200291310828248e+00
1.842000000000000171e+02,-9.709096971810149412e+00
1.844000000000000057e+02,-9.966722729720657981e+00
1.846000000000000227e+02,-1.013725465290811734e+01
1.848000000000000114e+02,-1.002657424215635729e+01
1.850000000000000000e+02,-1.064798208956802839e+01
1.852000000000000171e+02,-9.906730686297338551e+00
1.854000000000000057e+02,-1.070267136813347264e+01
1.856000000000000227e+02,-1.020017532617818823e+01
1.858000000000000114e+02,-1.062192458358964586e+01
1.860000000000000000e+02,-1.040882852568406847e+01
1.862000000000000171e+02,-1.061951812893806668e+01
1.864000000000000057e+02,-1.056919084549126175e+01
1.866000000000000227e+02,-1.089997435484989374e+01
1.868000000000000114e+02,-1.129460134437874963e+01
1.870000000000000000e+02,-1.070742476438457125e+01
1.872000000000000171e+02,-1.101383683144089964e+01
1.874000000000000057e+02,-1.108046965211485180e+01
1.876000000000000227e+02,-1.115421951307787651e+01
1.878000000000000114e+02,-1.053134215759236092e+01
1.880000000000000000e+02,-1.122752771472185707e+01
1.882000000000000171e+02,-1.105478956757552744e+01
1.884000000000000057e+02,-1.148109557228496591e+01
1.886000000000000227e+02,-1.086468149877566347e+01
1.888000000000000114e+02,-1.143897270768769658e+01
1.890000000000000000e+02,-1.200449553896682175e+01
1.892000000000000171e+02,-1.073075652548424763e+01
1.894000000000000057e+02,-1.173766980391816439e+01
1.896000000000000227e+02,-1.119026817222793646e+01
1.898000000000000114e+02,-1.138858190274870275e+01
1.900000000000000000e+02,-1.146313432218265582e+01
1.902000000000000171e+02,-1.173836025749027101e+01
1.904000000000000057e+02,-1.168748004581045485e+01
1.906000000000000227e+02,-1.148306752038321932e+01
1.908000000000000114e+02,-1.191853734063696280e+01
1.910000000000000000e+02,-1.183471199312076294e+01
1.912000000000000171e+02,-1.171968344331374290e+01
1.914000000000000057e+02,-1.198510750108545686e+01
1.916000000000000227e+02,-1.216638160641492483e+01
1.918000000000000114e+02,-1.175137983352217574e+01
1.920000000000000000e+02,-1.208302409676853806e+01
1.922000000000000171e+02,-1.225386931406075419e+01
1.924000000000000057e+02,-1.247066325892665439e+01
1.926000000000000227e+02,-1.258218606053997490e+01
1.928000000000000114e+02,-1.216142202690438801e+01
1.930000000000000000e+02,-1.220161673045867445e+01
1.932000000000000171e+02,-1.303566192613912733e+01
1.934000000000000057e+02,-1.270089250673775716e+01
1.936000000000000227e+02,-1.235981834549159331e+01
1.938000000000000114e+02,-1.204897018180788315e+01
1.940000000000000000e+02,-1.217145084814297462e+01
1.942000000000000171e+02,-1.252755156423988758e+01
1.944000000000000057e+02,-1.247365049066741349e+01
1.946000000000000227e+02,-1.300279100301678703e+01
1.948000000000000114e+02,-1.273124243546037171e+01
1.950000000000000000e+02,-1.328809492350998944e+01
1.952000000000000171e+02,-1.317318863811985885e+01
1.954000000000000057e+02,-1.300638107821271028e+01
1.956000000000000227e+02,-1.259853275198341827e+01
1.958000000000000114e+02,-1.300740861537023996e+01
1.960000000000000000e+02,-1.317981475175216488e+01
1.962000000000000171e+02,-1.334465453712435412e+01
1.964000000000000057e+02,-1.368659695955344979e+01
1.966000000000000227e+02,-1.325911389369498572e+01
1.968000000000000114e+02,-1.355093776848758047e+01
1.970000000000000000e+02,-1.345772956201464865e+01
1.972000000000000171e+02,-1.379364198276854125e+01
1.974000000000000057e+02,-1.359480658757858151e+01
1.976000000000000227e+02,-1.406318161084119289e+01
1.978000000000000114e+02,-1.360674535072266167e+01
1.980000000000000000e+02,-1.345658183569220334e+01
1.982000000000000171e+02,-1.361181137487744408e+01
1.984000000000000057e+02,-1.336562372708636381e+01
1.986000000000000227e+02,-1.386671717279399374e+01
1.988000000000000114e+02,-1.387528635296836654e+01
1.990000000000000000e+02,-1.392667892892992576e+01
1.992000000000000171e+02,-1.432909227100030591e+01
1.994000000000000057e+02,-1.362461339324731746e+01
1.996000000000000227e+02,-1.396953694479059038e+01
1.998000000000000114e+02,-1.433114605662015606e+01
2.000000000000000000e+02,-1.454990417406537695e+01
2.002000000000000171e+02,-1.423257503565228888e+01
2.004000000000000057e+02,-1.421732145321068153e+01
2.006000000000000227e+02,-1.445099352054210762e+01
2.008000000000000114e+02,-1.449270346599495696e+01
2.010000000000000000e+02,-1.464001018181673075e+01
2.012000000000000171e+02,-1.464742878719176922e+01
2.014000000000000057e+02,-1.436672023160547695e+01
2.016000000000000227e+02,-1.440411795945435358e+01
2.018000000000000114e+02,-1.518308735071251547e+01
2.020000000000000000e+02,-1.482709853910467146e+01
2.022000000000000171e+02,-1.521662375745249918e+01
2.024000000000000057e+02,-1.530330809320082608e+01
2.026000000000000227e+02,-1.487668811359322341e+01
2.028000000000000114e+02,-1.528736762444012243e+01
2.030000000000000000e+02,-1.591912117047035835e+01
2.032000000000000171e+02,-1.502330834785653124e+01
2.034000000000000057e+02,-1.491788459766843111e+01
2.036000000000000227e+02,-1.478255881949638351e+01
2.038000000000000114e+02,-1.544516965483496485e+01
2.040000000000000000e+02,-1.503858909270427446e+01
2.042000000000000171e+02,-1.610906896795319909e+01
2.044000000000000057e+02,-1.576854385174954132e+01
2.046000000000000227e+02,-1.543184245946493149e+01
2.048000000000000114e+02,-1.549760576779458709e+01
2.050000000000000000e+02,-1.533930379778789899e+01
2.052000000000000171e+02,-1.548416999145917927e+01
2.054000000000000057e+02,-1.579768485126923849e+01
2.056000000000000227e+02,-1.544894701533174519e+01
2.058000000000000114e+02,-1.571362237608003554e+01
2.060000000000000000e+02,-1.550997310581191790e+01
2.062000000000000171e+02,-1.619433577647496847e+01
2.064000000000000057e+02,-1.597224413334579474e+01
2.066000000000000227e+02,-1.620876808918268708e+01
2.068000000000000114e+02,-1.595397387626501207e+01
2.070000000000000000e+02,-1.626444552220791451e+01
2.072000000000000171e+02,-1.632664889388026097e+01
2.074000000000000057e+02,-1.664946056047809719e+01
2.076000000000000227e+02,-1.629496422324376681e+01
2.078000000000000114e+02,-1.614734570141759562e+01
2.080000000000000000e+02,-1.622839849804910983e+01
2.082000000000000171e+02,-1.728871221986698004e+01
2.084000000000000057e+02,-1.699390084811496848e+01
2.086000000000000227e+02,-1.614201879620320312e+01
2.088000000000000114e+02,-1.674455525551113766e+01
2.090000000000000000e+02,-1.678925990228699661e+01
2.092000000000000171e+02,-1.651509880873530989e+01
2.094000000000000057e+02,-1.681171254058245168e+01
2.096000000000000227e+02,-1.707349670364159522e+01
2.098000000000000114e+02,-1.702232132529269393e+01
2.100000000000000000e+02,-1.655011595850826822e+01
2.102000000000000171e+02,-1.742433760359896411e+01
2.104000000000000057e+02,-1.680830548432740912e+01
2.106000000000000227e+02,-1.726637084857041415e+01
2.108000000000000114e+02,-1.731078144089356385e+01
2.110000000000000000e+02,-1.683198883495924392e+01
2.112000000000000171e+02,-1.751322085146109231e+01
2.114000000000000057e+02,-1.719856682284926563e+01
2.116000000000000227e+02,-1.755296848444675817e+01
2.118000000000000114e+02,-1.787514147547862819e+01
2.120000000000000000e+02,-1.761359633460637397e+01
2.122000000000000171e+02,-1.733487465038379938e+01
2.124000000000000057e+02,-1.772864358600710233e+01
2.126000000000000227e+02,-1.759993001263956103e+01
2.128000000000000114e+02,-1.774531392517889117e+01
2.130000000000000000e+02,-1.783596429894877744e+01
2.132000000000000171e+02,-1.800732083914629911e+01
2.134000000000000057e+02,-1.792533069194095674e+01
2.136000000000000227e+02,-1.852188644842336274e+01
2.138000000000000114e+02,-1.818118856646281856e+01
2.140000000000000000e+02,-1.857559870756427145e+01
2.142000000000000171e+02,-1.811275367101402978e+01
2.144000000000000057e+02,-1.814714114596664984e+01
2.146000000000000227e+02,-1.849051415790114916e+01
2.148000000000000114e+02,-1.814692762409082505e+01
2.150000000000000000e+02,-1.830412010134595846e+01
2.152000000000000171e+02,-1.838557591245286460e+01
2.154000000000000057e+02,-1.860528054737886094e+01
2.156000000000000227e+02,-1.845276292386354910e+01
2.158000000000000114e+02,-1.836351346608923407e+01
2.160000000000000000e+02,-1.884835406547509251e+01
2.162000000000000171e+02,-1.894370796664826528e+01
2.164000000000000057e+02,-1.849857489249571785e+01
2.166000000000000227e+02,-1.943184415440764568e+01
2.168000000000000114e+02,-1.956304936923265458e+01
2.170000000000000000e+02,-1.941898043507312011e+01
2.172000000000000171e+02,-1.897651890375200878e+01
2.174000000000000057e+02,-1.904060148599772972e+01
2.176000000000000227e+02,-1.901139675651042182e+01
2.178000000000000114e+02,-1.917344552186553841e+01
2.180000000000000000e+02,-1.886510234528534369e+01
2.182000000000000171e+02,-1.891260131342548689e+01
2.184000000000000057e+02,-1.907398864506862779e+01
2.186000000000000227e+02,-1.970998160926774645e+01
2.188000000000000114e+02,-1.938752529541772418e+01
2.190000000000000000e+02,-1.975245856187875404e+01
2.192000000000000171e+02,-1.971867544619816925e+01
2.194000000000000057e+02,-1.990703217479274656e+01
2.196000000000000227e+02,-1.970631309183228552e+01
2.198000000000000114e+02,-1.963086758425422929e+01
2.200000000000000000e+02,-1.980524289086622147e+01
2.202000000000000171e+02,-2.018138735583984555e+01
2.204000000000000057e+02,-2.032279736403264891e+01
2.206000000000000227e+02,-2.019016941056696268e+01
2.208000000000000114e+02,-2.025253588685407991e+01
2.210000000000000000e+02,-1.992065676125447382e+01
2.212000000000000171e+02,-2.025526694597924404e+01
2.214000000000000057e+02,-2.028146020734446964e+01
2.216000000000000227e+02,-2.033250181957164315e+01
2.218000000000000114e+02,-2.007816034689588491e+01
2.220000000000000000e+02,-2.000258023391545592e+01
2.222000000000000171e+02,-2.036421574650824695e+01
2.224000000000000057e+02,-2.059256541552691644e+01
2.226000000000000227e+02,-2.023951187533301166e+01
2.228000000000000114e+02,-2.054036748428052306e+01
2.230000000000000000e+02,-2.081513749836393501e+01
2.232000000000000171e+02,-2.051730279675017954e+01
2.234000000000000057e+02,-2.077837186420020288e+01
2.236000000000000227e+02,-2.124907305598155816e+01
2.238000000000000114e+02,-2.079438047876558926e+01
2.240000000000000000e+02,-2.093685090046486152e+01
2.242000000000000171e+02,-2.153682901682170581e+01
2.244000000000000057e+02,-2.167145512143689956e+01
2.246000000000000227e+02,-2.116081190656130673e+01
2.248000000000000114e+02,-2.108541106374472918e+01
2.250000000000000000e+02,-2.116564126719124417e+01
2.252000000000000171e+02,-2.171974364621026865e+01
2.254000000000000057e+02,-2.152814302163777427e+01
2.256000000000000227e+02,-2.133681748380978860e+01
2.258000000000000114e+02,-2.194966328349287465e+01
2.260000000000000000e+02,-2.160685388586522393e+01
2.262000000000000171e+02,-2.163748419433574099e+01
2.264000000000000057e+02,-2.152271528252135013e+01
2.266000000000000227e+02,-2.243016436187747686e+01
2.268000000000000114e+02,-2.184368450896617020e+01
2.270000000000000000e+02,-2.143884726946507513e+01
2.272000000000000171e+02,-2.216233602203181619e+01
2.274000000000000057e+02,-2.214996422965238665e+01
2.276000000000000227e+02,-2.189649406012697952e+01
2.278000000000000114e+02,-2.239008681367887732e+01
2.280000000000000000e+02,-2.197459669351991352e+01
2.282000000000000171e+02,-2.219346552556022800e+01
2.284000000000000057e+02,-2.278711373352043168e+01
2.286000000000000227e+02,-2.243368082160532140e+01
2.288000000000000114e+02,-2.288904984746883287e+01
2.290000000000000000e+02,-2.235188818269315902e+01
2.292000000000000171e+02,-2.307616441864220391e+01
2.294000000000000057e+02,-2.317515913354991142e+01
2.296000000000000227e+02,-2.307303038436178966e+01
2.298000000000000114e+02,-2.305621920260752589e+01
2.300000000000000000e+02,-2.259373035308484745e+01
2.302000000000000171e+02,-2.299431686583996637e+01
2.304000000000000057e+02,-2.298456543417096754e+01
2.306000000000000227e+02,-2.285643769348401833e+01
2.308000000000000114e+02,-2.336774803857172600e+01
2.310000000000000000e+02,-2.340630177958667346e+01
2.312000000000000171e+02,-2.354230519154459245e+01
2.314000000000000057e+02,-2.320323967381785479e+01
2.316000000000000227e+02,-2.306047787276496663e+01
2.318000000000000114e+02,-2.347375502982558260e+01
2.320000000000000000e+02,-2.376422243686041824e+01
2.322000000000000171e+02,-2.380877804685955113e+01
2.324000000000000057e+02,-2.402738088396715455e+01
2.326000000000000227e+02,-2.363746535803563020e+01
2.328000000000000114e+02,-2.415727394203806710e+01
2.330000000000000000e+02,-2.402683662322009894e+01
2.332000000000000171e+02,-2.432740784476512630e+01
2.334000000000000057e+02,-2.458238107463566280e+01
2.336000000000000227e+02,-2.481521677707258888e+01
2.338000000000000114e+02,-2.447580206606665598e+01
2.340000000000000000e+02,-2.427225336837476277e+01
2.342000000000000171e+02,-2.448007224494831391e+01
2.344000000000000057e+02,-2.453074811538902367e+01
2.346000000000000227e+02,-2.481733281782305411e+01
2.348000000000000114e+02,-2.485744595352314334e+01
2.350000000000000000e+02,-2.496690008638249836e+01
2.352000000000000171e+02,-2.472303332270198695e+01
2.354000000000000057e+02,-2.434022076059704887e+01
2.356000000000000227e+02,-2.496295313784434100e+01
2.358000000000000114e+02,-2.534834589589318199e+01
2.360000000000000000e+02,-2.476548354709443345e+01
2.362000000000000171e+02,-2.541135005179296869e+01
2.364000000000000057e+02,-2.510085764617361193e+01
2.366000000000000227e+02,-2.542990824244951753e+01
2.368000000000000114e+02,-2.537845646090388385e+01
2.370000000000000000e+02,-2.462053175986880404e+01
2.372000000000000171e+02,-2.574604534987921411e+01
2.374000000000000057e+02,-2.578680432704076253e+01
2.376000000000000227e+02,-2.562780865319053092e+01
2.378000000000000114e+02,-2.580910910192373464e+01
2.380000000000000000e+02,-2.598767549698929358e+01
2.382000000000000171e+02,-2.614133449303346879e+01
2.384000000000000057e+02,-2.590523260083035595e+01
2.386000000000000227e+02,-2.586769330218385576e+01
2.388000000000000114e+02,-2.645980719053349617e+01
2.390000000000000000e+02,-2.659122010828966864e+01
2.392000000000000171e+02,-2.593554759127080089e+01
2.394000000000000057e+02,-2.683582204187973019e+01
2.396000000000000227e+02,-2.638781503540064932e+01
2.398000000000000114e+02,-2.654459867382178828e+01
2.400000000000000000e+02,-2.701848206401387031e+01
2.402000000000000171e+02,-2.664186294896684259e+01
2.404000000000000057e+02,-2.719718523715192404e+01
2.406000000000000227e+02,-2.728407263616856326e+01
2.408000000000000114e+02,-2.745004596736935554e+01
2.410000000000000000e+02,-2.698574206922477003e+01
2.412000000000000171e+02,-2.739899594723884846e+01
2.414000000000000057e+02,-2.710839681216228669e+01
2.416000000000000227e+02,-2.767600989383199561e+01
2.418000000000000114e+02,-2.741430127061486743e+01
2.420000000000000000e+02,-2.731134494183279315e+01
2.422000000000000171e+02,-2.778068229509283782e+01
2.424000000000000057e+02,-2.813728624852395654e+01
2.426000000000000227e+02,-2.803908508243658915e+01
2.428000000000000114e+02,-2.773756487959177264e+01
2.430000000000000000e+02,-2.796608293447896543e+01
2.432000000000000171e+02,-2.834727359318375051e+01
2.434000000000000057e+02,-2.878761580904486195e+01
2.436000000000000227e+02,-2.827422372351698243e+01
2.438000000000000114e+02,-2.814781886048816872e+01
2.440000000000000000e+02,-2.824670010084212990e+01
2.442000000000000171e+02,-2.865483350711162913e+01
2.444000000000000057e+02,-2.891586371663802524e+01
2.446000000000000227e+02,-2.917061887837249756e+01
2.448000000000000114e+02,-2.922414191101139735e+01
2.450000000000000000e+02,-2.960126682009595456e+01
2.452000000000000171e+02,-2.876397830950392986e+01
2.454000000000000057e+02,-2.941410783807640072e+01
2.456000000000000227e+02,-2.892199414329160234e+01
2.458000000000000114e+02,-2.964844131312665354e+01
2.460000000000000000e+02,-3.014712565311011971e+01
2.462000000000000171e+02,-2.939090675641775263e+01
2.464000000000000057e+02,-3.018604440510125997e+01
2.466000000000000227e+02,-3.019640731082585816e+01
2.468000000000000114e+02,-2.979170345270534526e+01
2.470000000000000000e+02,-2.995714274165134228e+01
2.472000000000000171e+02,-3.094748193946144710e+01
2.474000000000000057e+02,-3.056087614985706935e+01
2.476000000000000227e+02,-3.095486418204912837e+01
2.478000000000000114e+02,-3.067018353077711268e+01
2.480000000000000000e+02,-3.047557463990311888e+01
2.482000000000000171e+02,-3.118282158573852314e+01
2.484000000000000057e+02,-3.080616937208041861e+01
2.486000000000000227e+02,-3.153887425462989214e+01
2.488000000000000114e+02,-3.089211239911984919e+01
2.490000000000000000e+02,-3.177130573828685911e+01
2.492000000000000171e+02,-3.181170116426390848e+01
2.494000000000000057e+02,-3.175388078675089076e+01
2.496000000000000227e+02,-3.231181823100440198e+01
2.498000000000000114e+02,-3.170913001920910901e+01
2.500000000000000000e+02,-3.250022938493561497e+01
2.502000000000000171e+02,-3.221677779943632203e+01
2.504000000000000057e+02,-3.283145372947523555e+01
2.506000000000000227e+02,-3.262201350197715755e+01
2.508000000000000114e+02,-3.279377888230314397e+01
2.510000000000000000e+02,-3.303131343614052184e+01
2.512000000000000171e+02,-3.295648984123361913e+01
2.514000000000000057e+02,-3.350399758009618267e+01
2.516000000000000227e+02,-3.299178938072396505e+01
2.518000000000000114e+02,-3.347059980314287486e+01
2.520000000000000000e+02,-3.436953616654225385e+01
2.522000000000000171e+02,-3.332227425262419018e+01
2.524000000000000057e+02,-3.386402008477485737e+01
2.526000000000000227e+02,-3.374390386202680503e+01
2.528000000000000114e+02,-3.433320739666044119e+01
2.530000000000000000e+02,-3.501290527242404949e+01
2.532000000000000171e+02,-3.471207796780069543e+01
2.534000000000000057e+02,-3.507520081131850986e+01
2.536000000000000227e+02,-3.494149550717968111e+01
2.538000000000000114e+02,-3.521742402066423949e+01
2.540000000000000000e+02,-3.521105168960616538e+01
2.542000000000000171e+02,-3.587268357953465170e+01
2.544000000000000057e+02,-3.558814651407629981e+01
2.546000000000000227e+02,-3.588825140357415222e+01
2.548000000000000114e+02,-3.578851545825813929e+01
2.550000000000000000e+02,-3.654529767922536365e+01
2.552000000000000171e+02,-3.640563163118611811e+01
2.554000000000000057e+02,-3.606373832974255578e+01
2.556000000000000227e+02,-3.695443066126706810e+01
2.558000000000000114e+02,-3.665735095427955770e+01
2.560000000000000000e+02,-3.669383023360260410e+01
2.561999999999999886e+02,-3.721548492980412703e+01
2.564000000000000341e+02,-3.715427439037308943e+01
2.566000000000000227e+02,-3.733143615122828862e+01
2.568000000000000114e+02,-3.739172635255940946e+01
2.570000000000000000e+02,-3.807048843485932821e+01
2.571999999999999886e+02,-3.820298722367380861e+01
2.574000000000000341e+02,-3.817230175783976875e+01
2.576000000000000227e+02,-3.876022259129860004e+01
2.578000000000000114e+02,-3.876435834711540451e+01
2.580000000000000000e+02,-3.915567482159336521e+01
2.581999999999999886e+02,-3.977007671180432169e+01
2.584000000000000341e+02,-3.931301662350494297e+01
2.586000000000000227e+02,-3.918223324494142901e+01
2.588000000000000114e+02,-3.991414041565744952e+01
2.590000000000000000e+02,-4.001554340930902498e+01
2.591999999999999886e+02,-4.036761949441548580e+01
2.594000000000000341e+02,-4.065956359953876387e+01
2.596000000000000227e+02,-4.066255229195573406e+01
2.598000000000000114e+02,-4.065289966665505261e+01
2.600000000000000000e+02,-4.059404641106139877e+01
2.601999999999999886e+02,-4.117060619779575603e+01
2.604000000000000341e+02,-4.184915033003986196e+01
2.606000000000000227e+02,-4.219953609601871136e+01
2.608000000000000114e+02,-4.175245910222689361e+01
2.610000000000000000e+02,-4.223880747426581905e+01
2.611999999999999886e+02,-4.271187977857792362e+01
2.614000000000000341e+02,-4.306706659022122352e+01
2.616000000000000227e+02,-4.325121938100552654e+01
2.618000000000000114e+02,-4.298972749382219405e+01
2.620000000000000000e+02,-4.355502252268078678e+01
2.621999999999999886e+02,-4.415347778568150972e+01
2.624000000000000341e+02,-4.384174675908350594e+01
2.626000000000000227e+02,-4.424152597773986173e+01
2.628000000000000114e+02,-4.465364937511508003e+01
2.630000000000000000e+02,-4.469343289807573427e+01
2.631999999999999886e+02,-4.531948527105057423e+01
2.634000000000000341e+02,-4.514152488529435914e+01
2.636000000000000227e+02,-4.601141467983314470e+01
2.638000000000000114e+02,-4.615654823602073265e+01
2.640000000000000000e+02,-4.655321466415454523e+01
2.641999999999999886e+02,-4.659428742030436865e+01
2.644000000000000341e+02,-4.696354132645699764e+01
2.646000000000000227e+02,-4.715177850901319800e+01
2.648000000000000114e+02,-4.734980211366500669e+01
2.650000000000000000e+02,-4.750527825046796693e+01
2.651999999999999886e+02,-4.790305830805041154e+01
2.654000000000000341e+02,-4.817561198910376419e+01
2.656000000000000227e+02,-4.813945084522136852e+01
2.658000000000000114e+02,-4.891221303744720217e+01
2.660000000000000000e+02,-4.951837153908995504e+01
2.661999999999999886e+02,-4.922731337213206615e+01
2.664000000000000341e+02,-4.932077288199569409e+01
2.666000000000000227e+02,-5.005074624157314389e+01
2.668000000000000114e+02,-5.020879663971297191e+01
2.670000000000000000e+02,-5.090701701867564566e+01
2.671999999999999886e+02,-5.102448496719857474e+01
2.674000000000000341e+02,-5.124283425082116850e+01
2.676000000000000227e+02,-5.164206671073690558e+01
2.678000000000000114e+02,-5.220972548272869318e+01
2.680000000000000000e+02,-5.200874128139534491e+01
2.681999999999999886e+02,-5.271833566688382433e+01
2.684000000000000341e+02,-5.287770960440559520e+01
2.686000000000000227e+02,-5.336114643043164563e+01
2.688000000000000114e+02,-5.360014977662959268e+01
2.690000000000000000e+02,-5.394490808091605771e+01
2.691999999999999886e+02,-5.459561780612617099e+01
2.694000000000000341e+02,-5.470024753663052763e+01
2.696000000000000227e+02,-5.473939521317707602e+01
2.698000000000000114e+02,-5.515437634799207700e+01
2.700000000000000000e+02,-5.584151815854706769e+01
2.701999999999999886e+02,-5.599291897404804530e+01
2.704000000000000341e+02,-5.712773605199715377e+01
2.706000000000000227e+02,-5.682246111285843426e+01
2.708000000000000114e+02,-5.756545869770564394e+01
2.710000000000000000e+02,-5.842831665612911962e+01
2.711999999999999886e+02,-5.834145204193738721e+01
2.714000000000000341e+02,-5.854359005842729857e+01
2.716000000000000227e+02,-5.937027955663456424e+01
2.718000000000000114e+02,-5.912424875116433753e+01
2.720000000000000000e+02,-5.968707478922257081e+01
2.721999999999999886e+02,-6.076253010865497117e+01
2.724000000000000341e+02,-6.061428508572017648e+01
2.726000000000000227e+02,-6.126470925870619766e+01
2.728000000000000114e+02,-6.185999431393018710e+01
2.730000000000000000e+02,-6.223370395212960204e+01
2.731999999999999886e+02,-6.270122319611407136e+01
2.734000000000000341e+02,-6.333226668437118434e+01
2.736000000000000227e+02,-6.358112166861342729e+01
2.738000000000000114e+02,-6.373913062285909348e+01
2.740000000000000000e+02,-6.400128218811633474e+01
2.741999999999999886e+02,-6.444061346854880412e+01
2.744000000000000341e+02,-6.539767596973533159e+01
2.746000000000000227e+02,-6.573421357026477096e+01
2.748000000000000114e+02,-6.637143794653837858e+01
2.750000000000000000e+02,-6.635159379615058128e+01
2.751999999999999886e+02,-6.747409503453523882e+01
2.754000000000000341e+02,-6.785593819146214400e+01
2.756000000000000227e+02,-6.812685990171794970e+01
2.758000000000000114e+02,-6.835712437116463036e+01
2.760000000000000000e+02,-6.895127063474504325e+01
2.761999999999999886e+02,-6.931217033931892502e+01
2.764000000000000341e+02,-6.975601868381490078e+01
2.766000000000000227e+02,-7.015460177916943962e+01
2.768000000000000114e+02,-7.091364107219010293e+01
2.770000000000000000e+02,-7.117857765835098860e+01
2.771999999999999886e+02,-7.138417689962514601e+01
2.774000000000000341e+02,-7.188901566129899834e+01
2.776000000000000227e+02,-7.211141376852478402e+01
2.778000000000000114e+02,-7.299166865125265247e+01
2.780000000000000000e+02,-7.299316399056877458e+01
2.781999999999999886e+02,-7.326148759718407177e+01
2.784000000000000341e+02,-7.406557298740651163e+01
2.786000000000000227e+02,-7.435818083343782803e+01
2.788000000000000114e+02,-7.475567198998705010e+01
2.790000000000000000e+02,-7.505756271139316027e+01
2.791999999999999886e+02,-7.546588086676314333e+01
2.794000000000000341e+02,-7.555843434852522478e+01
2.796000000000000227e+02,-7.615170064615311674e+01
2.798000000000000114e+02,-7.640920157883897446e+01
2.800000000000000000e+02,-7.687857287739365120e+01
2.801999999999999886e+02,-7.754869444609211371e+01
2.804000000000000341e+02,-7.749724077328440330e+01
2.806000000000000227e+02,-7.797082679722079490e+01
2.808000000000000114e+02,-7.837022459267545571e+01
2.810000000000000000e+02,-7.872348131714387875e+01
2.811999999999999886e+02,-7.879623949512784975e+01
2.814000000000000341e+02,-7.919959841436353543e+01
2.816000000000000227e+02,-7.879730063951200236e+01
2.818000000000000114e+02,-7.915798654381750055e+01
2.820000000000000000e+02,-7.986445257391675057e+01
2.821999999999999886e+02,-7.985167880159077924e+01
2.824000000000000341e+02,-7.996183178533740943e+01
2.826000000000000227e+02,-8.050740993477926111e+01
2.828000000000000114e+02,-8.020647634574412166e+01
2.830000000000000000e+02,-8.063374646932427936e+01
2.831999999999999886e+02,-8.107705564386132835e+01
2.834000000000000341e+02,-8.168064288505617299e+01
2.836000000000000227e+02,-8.164356104413107573e+01
2.838000000000000114e+02,-8.148595333425484455e+01
2.840000000000000000e+02,-8.183128753327930838e+01
2.841999999999999886e+02,-8.187579009297756727e+01
2.844000000000000341e+02,-8.220934199798334419e+01
2.846000000000000227e+02,-8.208597367269372569e+01
2.848000000000000114e+02,-8.239099651740758645e+01
2.850000000000000000e+02,-8.278708568909263477e+01
2.851999999999999886e+02,-8.260082317791763273e+01
2.854000000000000341e+02,-8.276917718363527854e+01
2.856000000000000227e+02,-8.311933511600119573e+01
2.858000000000000114e+02,-8.247560005577014408e+01
2.860000000000000000e+02,-8.294533142940171899e+01
2.861999999999999886e+02,-8.309813184762745664e+01
2.864000000000000341e+02,-8.291430640067621027e+01
2.866000000000000227e+02,-8.320363157628415252e+01
2.868000000000000114e+02,-8.306804334561128655e+01
2.870000000000000000e+02,-8.370291266711102196e+01
2.871999999999999886e+02,-8.366098385776261637e+01
2.874000000000000341e+02,-8.333095615643858878e+01
2.876000000000000227e+02,-8.315628111941812506e+01
2.878000000000000114e+02,-8.358046448117532634e+01
2.880000000000000000e+02,-8.358945379006351573e+01
2.881999999999999886e+02,-8.390205841456877067e+01
2.884000000000000341e+02,-8.375350707536169637e+01
2.886000000000000227e+02,-8.397041764521176788e+01
2.888000000000000114e+02,-8.387787589982247027e+01
2.890000000000000000e+02,-8.369948352187709872e+01
2.891999999999999886e+02,-8.441971179250008106e+01
2.894000000000000341e+02,-8.390458169482766948e+01
2.896000000000000227e+02,-8.419475529929920299e+01
2.898000000000000114e+02,-8.418912064688731789e+01
2.900000000000000000e+02,-8.377496421850018749e+01
2.901999999999999886e+02,-8.401595559282188219e+01
2.904000000000000341e+02,-8.388508576529099514e+01
2.906000000000000227e+02,-8.458657318137645120e+01
2.908000000000000114e+02,-8.427386330736376863e+01
2.910000000000000000e+02,-8.430902904824546340e+01
2.911999999999999886e+02,-8.436597257972128716e+01
2.914000000000000341e+02,-8.413033137334605271e+01
2.916000000000000227e+02,-8.403702484732471589e+01
2.918000000000000114e+02,-8.455722036724068857e+01
2.920000000000000000e+02,-8.453967832629616908e+01
2.921999999999999886e+02,-8.462951379934735030e+01
2.924000000000000341e+02,-8.404621424031820709e+01
2.926000000000000227e+02,-8.447752283861910882e+01
2.928000000000000114e+02,-8.438908842465433224e+01
2.930000000000000000e+02,-8.446092744902362881e+01
2.931999999999999886e+02,-8.463219185801953870e+01
2.934000000000000341e+02,-8.431067831639272470e+01
2.936000000000000227e+02,-8.432030483739481497e+01
2.938000000000000114e+02,-8.419218735267517673e+01
2.940000000000000000e+02,-8.449475514796405662e+01
2.941999999999999886e+02,-8.452301057324805811e+01
2.944000000000000341e+02,-8.460494612898901323e+01
2.946000000000000227e+02,-8.409587507220732050e+01
2.948000000000000114e+02,-8.422490904337720963e+01
2.950000000000000000e+02,-8.449535915158463695e+01
2.951999999999999886e+02,-8.433107793854738077e+01
2.954000000000000341e+02,-8.464746048481313778e+01
2.956000000000000227e+02,-8.399470074435774336e+01
2.958000000000000114e+02,-8.466319326558497949e+01
2.960000000000000000e+02,-8.461688811040619385e+01
2.961999999999999886e+02,-8.462108821544330794e+01
2.964000000000000341e+02,-8.410910369525244334e+01
2.966000000000000227e+02,-8.450332790307143682e+01
2.968000000000000114e+02,-8.427468931990850365e+01
2.970000000000000000e+02,-8.457864752840593781e+01
2.971999999999999886e+02,-8.485947390992956230e+01
2.974000000000000341e+02,-8.436725742217437585e+01
2.976000000000000227e+02,-8.472244145409196392e+01
2.978000000000000114e+02,-8.489997177300530495e+01
2.980000000000000000e+02,-8.467869859462760473e+01
2.981999999999999886e+02,-8.442093886698232552e+01
2.984000000000000341e+02,-8.414179972308392053e+01
2.986000000000000227e+02,-8.493361171734565573e+01
2.988000000000000114e+02,-8.514023983881990887e+01
2.990000000000000000e+02,-8.436153902416185701e+01
2.991999999999999886e+02,-8.452254572249249520e+01
2.994000000000000341e+02,-8.474179142316305047e+01
2.996000000000000227e+02,-8.449958841111779861e+01
2.998000000000000114e+02,-8.442497112091562883e+01
3.000000000000000000e+02,-8.413237089541279090e+01
3.001999999999999886e+02,-8.464593849936181869e+01
3.004000000000000341e+02,-8.429628187053513955e+01
3.006000000000000227e+02,-8.473196867244919872e+01
3.008000000000000114e+02,-8.474916814993207481e+01
3.010000000000000000e+02,-8.451845674288856003e+01
3.011999999999999886e+02,-8.490572306835673544e+01
3.014000000000000341e+02,-8.495498785523797380e+01
3.016000000000000227e+02,-8.439115617661987301e+01
3.018000000000000114e+02,-8.512512243111136456e+01
3.020000000000000000e+02,-8.460836188859003926e+01
3.021999999999999886e+02,-8.472017890831709508e+01
3.024000000000000341e+02,-8.473449473144319199e+01
3.026000000000000227e+02,-8.497651697997497422e+01
3.028000000000000114e+02,-8.515457439294890207e+01
3.030000000000000000e+02,-8.481294355863795431e+01
3.031999999999999886e+02,-8.494110035734858855e+01
3.034000000000000341e+02,-8.475819389457748798e+01
3.036000000000000227e+02,-8.463183923869654279e+01
3.038000000000000114e+02,-8.484126514950240505e+01
3.040000000000000000e+02,-8.492590270255806217e+01
3.041999999999999886e+02,-8.458717842673516429e+01
3.044000000000000341e+02,-8.485203748821227521e+01
3.046000000000000227e+02,-8.490332593618973078e+01
3.048000000000000114e+02,-8.474007095432675385e+01
3.050000000000000000e+02,-8.459572621808344195e+01
3.051999999999999886e+02,-8.414170641144549734e+01
3.054000000000000341e+02,-8.426727671955761423e+01
3.056000000000000227e+02,-8.498826615534025564e+01
3.058000000000000114e+02,-8.500521827578673140e+01
3.060000000000000000e+02,-8.465969387313765537e+01
3.061999999999999886e+02,-8.453832381752454239e+01
3.064000000000000341e+02,-8.471218421683660438e+01
3.066000000000000227e+02,-8.413784363381063258e+01
3.068000000000000114e+02,-8.438831376657567773e+01
3.070000000000000000e+02,-8.427420765554353466e+01
3.072000000000000455e+02,-8.479031717837081317e+01
3.074000000000000341e+02,-8.491168442225234969e+01
3.076000000000000227e+02,-8.495663966347305518e+01
3.078000000000000114e+02,-8.471910466324172262e+01
3.080000000000000000e+02,-8.500682757075213658e+01
3.082000000000000455e+02,-8.485225855229448655e+01
3.084000000000000341e+02,-8.480306351110520779e+01
3.086000000000000227e+02,-8.446085095605572235e+01
3.088000000000000114e+02,-8.481668302427399908e+01
3.090000000000000000e+02,-8.505176347780961521e+01
3.092000000000000455e+02,-8.481339076649948083e+01
3.094000000000000341e+02,-8.465589374261739408e+01
3.096000000000000227e+02,-8.456431932466401236e+01
3.098000000000000114e+02,-8.493646562078822626e+01
3.100000000000000000e+02,-8.454570203099073922e+01
3.102000000000000455e+02,-8.436232756816065148e+01
3.104000000000000341e+02,-8.458813642611359285e+01
3.106000000000000227e+02,-8.465229192633384514e+01
3.108000000000000114e+02,-8.482548807332635477e+01
3.110000000000000000e+02,-8.486762223661344251e+01
3.112000000000000455e+02,-8.522386745008921594e+01
3.114000000000000341e+02,-8.456584675425845887e+01
3.116000000000000227e+02,-8.480780753825860074e+01
3.118000000000000114e+02,-8.468257672737124153e+01
3.120000000000000000e+02,-8.459684019390789445e+01
3.122000000000000455e+02,-8.492019157764076454e+01
3.124000000000000341e+02,-8.447076925522208057e+01
3.126000000000000227e+02,-8.469816326810635587e+01
3.128000000000000114e+02,-8.435361040875878302e+01
3.130000000000000000e+02,-8.468703879883719310e+01
3.132000000000000455e+02,-8.465102683636690983e+01
3.134000000000000341e+02,-8.480043299347042307e+01
3.136000000000000227e+02,-8.436438691276335078e+01
3.138000000000000114e+02,-8.526076140559213457e+01
3.140000000000000000e+02,-8.486949018510173914e+01
3.142000000000000455e+02,-8.481393594707010664e+01
3.144000000000000341e+02,-8.512166423418034356e+01
3.146000000000000227e+02,-8.493911773788286723e+01
3.148000000000000114e+02,-8.528485227041200289e+01
3.150000000000000000e+02,-8.469560086141540012e+01
3.152000000000000455e+02,-8.509587725795249469e+01
3.154000000000000341e+02,-8.465347463775488279e+01
3.156000000000000227e+02,-8.481275130408603502e+01
3.158000000000000114e+02,-8.495684717547285913e+01
3.160000000000000000e+02,-8.513847421101914392e+01
3.162000000000000455e+02,-8.492209717307761707e+01
3.164000000000000341e+02,-8.467508284820071651e+01
3.166000000000000227e+02,-8.478545117415082188e+01
3.168000000000000114e+02,-8.458887602051618160e+01
3.170000000000000000e+02,-8.495386419335005712e+01
3.172000000000000455e+02,-8.435662499998460362e+01
3.174000000000000341e+02,-8.481895062210269032e+01
3.176000000000000227e+02,-8.497209717986244470e+01
3.178000000000000114e+02,-8.443459176812065436e+01
3.180000000000000000e+02,-8.442407043893902596e+01
3.182000000000000455e+02,-8.478733212810807629e+01
3.184000000000000341e+02,-8.488719035384727363e+01
3.186000000000000227e+02,-8.453991850244320005e+01
3.188000000000000114e+02,-8.499229107837189190e+01
3.190000000000000000e+02,-8.453627598556407463e+01
3.192000000000000455e+02,-8.511818341901096119e+01
3.194000000000000341e+02,-8.479354843037492628e+01
3.196000000000000227e+02,-8.477107048444273119e+01
3.198000000000000114e+02,-8.447329119096173144e+01
3.200000000000000000e+02,-8.523392512471261284e+01
3.202000000000000455e+02,-8.471931267914959562e+01
3.204000000000000341e+02,-8.480939862060888856e+01
3.206000000000000227e+02,-8.477979059417052099e+01
3.208000000000000114e+02,-8.500283824842929903e+01
3.210000000000000000e+02,-8.510857731517077696e+01
3.212000000000000455e+02,-8.490017718309330519e+01
3.214000000000000341e+02,-8.484609575290144790e+01
3.216000000000000227e+02,-8.441816841911466440e+01
3.218000000000000114e+02,-8.476040096606215002e+01
3.220000000000000000e+02,-8.479059514811090992e+01
3.222000000000000455e+02,-8.461621685054377906e+01
3.224000000000000341e+02,-8.519504206703115301e+01
3.226000000000000227e+02,-8.461270943368184305e+01
3.228000000000000114e+02,-8.456577731570386902e+01
3.230000000000000000e+02,-8.456910336758805613e+01
3.232000000000000455e+02,-8.488040352203798022e+01
3.234000000000000341e+02,-8.510723087633733996e+01
3.236000000000000227e+02,-8.504591158359278324e+01
3.238000000000000114e+02,-8.473907478852970598e+01
3.240000000000000000e+02,-8.466800357128086318e+01
3.242000000000000455e+02,-8.448431160305842980e+01
3.244000000000000341e+02,-8.442434254659066539e+01
3.246000000000000227e+02,-8.458813875390643489e+01
3.248000000000000114e+02,-8.479871615479990510e+01
3.250000000000000000e+02,-8.474221366788324872e+01
3.252000000000000455e+02,-8.486851483277875730e+01
3.254000000000000341e+02,-8.454721049923746534e+01
3.256000000000000227e+02,-8.466359839342439386e+01
3.258000000000000114e+02,-8.475943783540172660e+01
3.260000000000000000e+02,-8.512853717255728725e+01
3.262000000000000455e+02,-8.455420379560884214e+01
3.264000000000000341e+02,-8.519882066358844952e+01
3.266000000000000227e+02,-8.451038128936367855e+01
3.268000000000000114e+02,-8.457339506496947479e+01
3.270000000000000000e+02,-8.521754309838884467e+01
3.272000000000000455e+02,-8.483411328424011799e+01
3.274000000000000341e+02,-8.513356493323682628e+01
3.276000000000000227e+02,-8.486058823401590701e+01
3.278000000000000114e+02,-8.468685582073831597e+01
3.280000000000000000e+02,-8.486102062981134964e+01
3.282000000000000455e+02,-8.516903878883505286e+01
3.284000000000000341e+02,-8.476407353445678439e+01
3.286000000000000227e+02,-8.476561489763707868e+01
3.288000000000000114e+02,-8.483849990299036392e+01
3.290000000000000000e+02,-8.509417823169184203e+01
3.292000000000000455e+02,-8.492153910867310174e+01
3.294000000000000341e+02,-8.476816002965139774e+01
3.296000000000000227e+02,-8.487525033491930060e+01
3.298000000000000114e+02,-8.430952634262044398e+01
3.300000000000000000e+02,-8.477485394666284435e+01
3.302000000000000455e+02,-8.489175401950009814e+01
3.304000000000000341e+02,-8.472060203004721757e+01
3.306000000000000227e+02,-8.511879539571222608e+01
3.308000000000000114e+02,-8.473843225995561568e+01
3.310000000000000000e+02,-8.444060422404332655e+01
3.312000000000000455e+02,-8.506692530547429953e+01
3.314000000000000341e+02,-8.477245139523822104e+01
3.316000000000000227e+02,-8.465655753466000988e+01
3.318000000000000114e+02,-8.527284663442988233e+01
3.320000000000000000e+02,-8.444095886849152066e+01
3.322000000000000455e+02,-8.511310029252240383e+01
3.324000000000000341e+02,-8.493678190924261173e+01
3.326000000000000227e+02,-8.475901601062976454e+01
3.328000000000000114e+02,-8.491349845199235347e+01
3.330000000000000000e+02,-8.465577526091858829e+01
3.332000000000000455e+02,-8.481993779600568928e+01
3.334000000000000341e+02,-8.471638908087838615e+01
3.336000000000000227e+02,-8.484123933688326247e+01
3.338000000000000114e+02,-8.449313611908780786e+01
3.340000000000000000e+02,-8.536616290055251000e+01
3.342000000000000455e+02,-8.477241476276338972e+01
3.344000000000000341e+02,-8.493974008787471064e+01
3.346000000000000227e+02,-8.510549050190257958e+01
3.348000000000000114e+02,-8.506977895706258153e+01
3.350000000000000000e+02,-8.501101362553362151e+01
3.352000000000000455e+02,-8.472455624793568063e+01
3.354000000000000341e+02,-8.509432982160022618e+01
3.356000000000000227e+02,-8.491222952104318722e+01
3.358000000000000114e+02,-8.480375591251412004e+01
3.360000000000000000e+02,-8.516264863924259032e+01
3.362000000000000455e+02,-8.459674425771628137e+01
3.364000000000000341e+02,-8.427056289185802029e+01
3.366000000000000227e+02,-8.504559144880001043e+01
3.368000000000000114e+02,-8.464835034179708373e+01
3.370000000000000000e+02,-8.495675514020700803e+01
3.372000000000000455e+02,-8.474711465902221619e+01
3.374000000000000341e+02,-8.492700220036286396e+01
3.376000000000000227e+02,-8.433052800218285938e+01
3.378000000000000114e+02,-8.496489200606310987e+01
3.380000000000000000e+02,-8.468644023109790453e+01
3.382000000000000455e+02,-8.473419321962882123e+01
3.384000000000000341e+02,-8.515813486399112264e+01
3.386000000000000227e+02,-8.542832040699968843e+01
3.388000000000000114e+02,-8.474458763012320617e+01
3.390000000000000000e+02,-8.467933436520300461e+01
3.392000000000000455e+02,-8.502574303573804571e+01
3.394000000000000341e+02,-8.505101122353389087e+01
3.396000000000000227e+02,-8.464956579190067032e+01
3.398000000000000114e+02,-8.468165547667028648e+01
3.400000000000000000e+02,-8.465699008040020601e+01
3.402000000000000455e+02,-8.483170232918782006e+01
3.404000000000000341e+02,-8.509521373991017867e+01
3.406000000000000227e+02,-8.520372795105517127e+01
3.408000000000000114e+02,-8.539860692321531133e+01
3.410000000000000000e+02,-8.491582961024532494e+01
3.412000000000000455e+02,-8.442270157256558605e+01
3.414000000000000341e+02,-8.478410292641241597e+01
3.416000000000000227e+02,-8.492459264526813456e+01
3.418000000000000114e+02,-8.528592337743003782e+01
3.420000000000000000e+02,-8.507379680283941070e+01
3.422000000000000455e+02,-8.490665528334542955e+01
3.424000000000000341e+02,-8.496451876943353909e+01
3.426000000000000227e+02,-8.468295113750579617e+01
3.428000000000000114e+02,-8.495075815237528616e+01
3.430000000000000000e+02,-8.473834860529899515e+01
3.432000000000000455e+02,-8.494179656172066473e+01
3.434000000000000341e+02,-8.496174893325395772e+01
3.436000000000000227e+02,-8.460058716056425965e+01
3.438000000000000114e+02,-8.510442656317944454e+01
3.440000000000000000e+02,-8.498825534757204991e+01
3.442000000000000455e+02,-8.524173467546214056e+01
3.444000000000000341e+02,-8.489542195255340573e+01
3.446000000000000227e+02,-8.465328628344185802e+01
3.448000000000000114e+02,-8.475136407867078958e+01
3.450000000000000000e+02,-8.473926291012577394e+01
3.452000000000000455e+02,-8.466055486277612374e+01
3.454000000000000341e+02,-8.476855879585521336e+01
3.456000000000000227e+02,-8.473634466586439373e+01
3.458000000000000114e+02,-8.482602298526340689e+01
3.460000000000000000e+02,-8.517184392465688347e+01
3.462000000000000455e+02,-8.479751410413921064e+01
3.464000000000000341e+02,-8.469360568684980706e+01
3.466000000000000227e+02,-8.515409241040242705e+01
3.468000000000000114e+02,-8.487315353569492515e+01
3.470000000000000000e+02,-8.466248211948698099e+01
3.472000000000000455e+02,-8.502758718347067202e+01
3.474000000000000341e+02,-8.526552572483087999e+01
3.476000000000000227e+02,-8.492089493351410567e+01
3.478000000000000114e+02,-8.453888471863919563e+01
3.480000000000000000e+02,-8.516656848605030916e+01
3.482000000000000455e+02,-8.496570401589768551e+01
3.484000000000000341e+02,-8.512813695017989346e+01
3.486000000000000227e+02,-8.503114210366986470e+01
3.488000000000000114e+02,-8.488372688198970195e+01
3.490000000000000000e+02,-8.457423408115226948e+01
3.492000000000000455e+02,-8.512361463343778212e+01
3.494000000000000341e+02,-8.512263188532897118e+01
3.496000000000000227e+02,-8.516460662648128732e+01
3.498000000000000114e+02,-8.522093988073967807e+01
3.500000000000000000e+02,-8.533217691434833796e+01
3.502000000000000455e+02,-8.516232545948085431e+01
3.504000000000000341e+02,-8.497696962158509848e+01
3.506000000000000227e+02,-8.494130473966419004e+01
3.508000000000000114e+02,-8.465941196261525192e+01
3.510000000000000000e+02,-8.515892594847117891e+01
3.512000000000000455e+02,-8.514951032429509326e+01
3.514000000000000341e+02,-8.514473347102502032e+01
3.516000000000000227e+02,-8.490758445383636399e+01
3.518000000000000114e+02,-8.499713421904829147e+01
3.520000000000000000e+02,-8.476420750942389759e+01
3.522000000000000455e+02,-8.515678691870583350e+01
3.524000000000000341e+02,-8.473217743157046300e+01
3.526000000000000227e+02,-8.472585270902396815e+01
3.528000000000000114e+02,-8.502808519610755411e+01
3.530000000000000000e+02,-8.511908833896261228e+01
3.532000000000000455e+02,-8.491914584070865146e+01
3.534000000000000341e+02,-8.516330412789487525e+01
3.536000000000000227e+02,-8.446835051535052230e+01
3.538000000000000114e+02,-8.493215932889413011e+01
3.540000000000000000e+02,-8.477024886393839154e+01
3.542000000000000455e+02,-8.528611223195512991e+01
3.544000000000000341e+02,-8.540799960644719135e+01
3.546000000000000227e+02,-8.479946691835998251e+01
3.548000000000000114e+02,-8.484328350861524370e+01
3.550000000000000000e+02,-8.516337655886835023e+01
3.552000000000000455e+02,-8.511588792924908375e+01
3.554000000000000341e+02,-8.514514708329815562e+01
3.556000000000000227e+02,-8.491916999310615211e+01
3.558000000000000114e+02,-8.474612775420300181e+01
3.560000000000000000e+02,-8.536426838198242706e+01
3.562000000000000455e+02,-8.485932807214194895e+01
3.564000000000000341e+02,-8.519851579595531632e+01
3.566000000000000227e+02,-8.511366485619777222e+01
3.568000000000000114e+02,-8.502199715831066840e+01
3.570000000000000000e+02,-8.532320685247658787e+01
3.572000000000000455e+02,-8.427281218431471643e+01
3.574000000000000341e+02,-8.437850444376239523e+01
3.576000000000000227e+02,-8.479763183778626967e+01
3.578000000000000114e+02,-8.482264450498888664e+01
3.580000000000000000e+02,-8.524849835709059676e+01
3.582000000000000455e+02,-8.439420461250811911e+01
3.584000000000000341e+02,-8.498490705485582453e+01
3.586000000000000227e+02,-8.502127830834353972e+01
3.588000000000000114e+02,-8.469037261912490067e+01
3.590000000000000000e+02,-8.492711110692948751e+01
3.592000000000000455e+02,-8.518740066502412844e+01
3.594000000000000341e+02,-8.504891729128605959e+01
3.596000000000000227e+02,-8.508914408552675468e+01
3.598000000000000114e+02,-8.497989296309434337e+01
3.600000000000000000e+02,-8.485837528916268013e+01
3.602000000000000455e+02,-8.486473128012710276e+01
3.604000000000000341e+02,-8.467355041314124264e+01
3.606000000000000227e+02,-8.500080508295746995e+01
3.608000000000000114e+02,-8.476118917198206759e+01
3.610000000000000000e+02,-8.457496638265625677e+01
3.612000000000000455e+02,-8.530906159628284513e+01
3.614000000000000341e+02,-8.482533596758196381e+01
3.616000000000000227e+02,-8.527248286591571969e+01
3.618000000000000114e+02,-8.538208853471776649e+01
3.620000000000000000e+02,-8.461007249753659210e+01
3.622000000000000455e+02,-8.472328396029739395e+01
3.624000000000000341e+02,-8.487722723919321766e+01
3.626000000000000227e+02,-8.512821742780272416e+01
3.628000000000000114e+02,-8.463400695905386328e+01
3.630000000000000000e+02,-8.535260046941627365e+01
3.632000000000000455e+02,-8.499487017056941340e+01
3.634000000000000341e+02,-8.489133246666702348e+01
3.636000000000000227e+02,-8.469175217142134215e+01
3.638000000000000114e+02,-8.539604647716737418e+01
3.640000000000000000e+02,-8.578137913978747520e+01
3.642000000000000455e+02,-8.498740407457677293e+01
3.644000000000000341e+02,-8.493779132275545862e+01
3.646000000000000227e+02,-8.497462811151933693e+01
3.648000000000000114e+02,-8.523825857535685202e+01
3.650000000000000000e+02,-8.503088435540379919e+01
3.652000000000000455e+02,-8.540575983659130088e+01
3.654000000000000341e+02,-8.491648625485888147e+01
3.656000000000000227e+02,-8.479938066136534758e+01
3.658000000000000114e+02,-8.520642751533398496e+01
3.660000000000000000e+02,-8.552529539910587175e+01
3.662000000000000455e+02,-8.505764442956964899e+01
3.664000000000000341e+02,-8.507571176137578561e+01
3.666000000000000227e+02,-8.504712474705651459e+01
3.668000000000000114e+02,-8.470196409274767291e+01
3.670000000000000000e+02,-8.499409268590753186e+01
3.672000000000000455e+02,-8.450859308951982030e+01
3.674000000000000341e+02,-8.493531883228516222e+01
3.676000000000000227e+02,-8.530319265859088773e+01
3.678000000000000114e+02,-8.474885907552602760e+01
3.680000000000000000e+02,-8.505572538774119096e+01
3.682000000000000455e+02,-8.515620752518844938e+01
3.684000000000000341e+02,-8.496503865003732869e+01
3.686000000000000227e+02,-8.500706587663778180e+01
3.688000000000000114e+02,-8.542628188667563904e+01
3.690000000000000000e+02,-8.524988321156941140e+01
3.692000000000000455e+02,-8.475037072663241133e+01
3.694000000000000341e+02,-8.499525792302503646e+01
3.696000000000000227e+02,-8.488035961270422547e+01
3.698000000000000114e+02,-8.478593282561242006e+01
3.700000000000000000e+02,-8.459368128770813655e+01
3.702000000000000455e+02,-8.520247093542946004e+01
3.704000000000000341e+02,-8.521940651828505509e+01
3.706000000000000227e+02,-8.527554478668619709e+01
3.708000000000000114e+02,-8.519538835156150469e+01
3.710000000000000000e+02,-8.527427943240459740e+01
3.712000000000000455e+02,-8.505073864711361864e+01
3.714000000000000341e+02,-8.507490108108751770e+01
3.716000000000000227e+02,-8.490338644987286898e+01
3.718000000000000114e+02,-8.534721066178636306e+01
3.720000000000000000e+02,-8.521385452902704571e+01
3.722000000000000455e+02,-8.496138238835321488e+01
3.724000000000000341e+02,-8.487743363125004237e+01
3.726000000000000227e+02,-8.563209664098468465e+01
3.728000000000000114e+02,-8.520430537609081512e+01
3.730000000000000000e+02,-8.511803694693728062e+01
3.732000000000000455e+02,-8.556576324784479937e+01
3.734000000000000341e+02,-8.494414119423697684e+01
3.736000000000000227e+02,-8.475612471173955953e+01
3.738000000000000114e+02,-8.554377048820748541e+01
3.740000000000000000e+02,-8.545006560339837165e+01
3.742000000000000455e+02,-8.482162439292511635e+01
3.744000000000000341e+02,-8.477667037019580221e+01
3.746000000000000227e+02,-8.537953308108956207e+01
3.748000000000000114e+02,-8.530907708874462969e+01
3.750000000000000000e+02,-8.489814869453618940e+01
3.752000000000000455e+02,-8.512458956405301080e+01
3.754000000000000341e+02,-8.519499172543582688e+01
3.756000000000000227e+02,-8.466695601358836143e+01
3.758000000000000114e+02,-8.499186709620948932e+01
3.760000000000000000e+02,-8.552200432270281283e+01
3.762000000000000455e+02,-8.500463765346566447e+01
3.764000000000000341e+02,-8.542010332647343773e+01
3.766000000000000227e+02,-8.488409631435210656e+01
3.768000000000000114e+02,-8.482493236129630532e+01
3.770000000000000000e+02,-8.496160936367640204e+01
3.772000000000000455e+02,-8.484011276085020370e+01
3.774000000000000341e+02,-8.458181449645140049e+01
3.776000000000000227e+02,-8.489202978410398259e+01
3.778000000000000114e+02,-8.516750395620449865e+01
3.780000000000000000e+02,-8.534865292646428259e+01
3.782000000000000455e+02,-8.502002602912557450e+01
3.784000000000000341e+02,-8.533570880649166668e+01
3.786000000000000227e+02,-8.543744492326148077e+01
3.788000000000000114e+02,-8.519402911456461425e+01
3.790000000000000000e+02,-8.552395319755790126e+01
3.792000000000000455e+02,-8.540529783688053556e+01
3.794000000000000341e+02,-8.495569481751925878e+01
3.796000000000000227e+02,-8.520060105928597238e+01
3.798000000000000114e+02,-8.515924796565803945e+01
3.800000000000000000e+02,-8.508986933084470650e+01
3.802000000000000455e+02,-8.557273800426219168e+01
3.804000000000000341e+02,-8.503843266884148022e+01
3.806000000000000227e+02,-8.508674345889801316e+01
3.808000000000000114e+02,-8.509788377376411006e+01
3.810000000000000000e+02,-8.500166557945625811e+01
3.812000000000000455e+02,-8.562940287005126550e+01
3.814000000000000341e+02,-8.461100624236686940e+01
3.816000000000000227e+02,-8.516559286608253387e+01
3.818000000000000114e+02,-8.544909881022523734e+01
3.820000000000000000e+02,-8.506345203375032327e+01
3.822000000000000455e+02,-8.540991438761581378e+01
3.824000000000000341e+02,-8.507631106861848025e+01
3.826000000000000227e+02,-8.495854430779340305e+01
3.828000000000000114e+02,-8.542420353262636468e+01
3.830000000000000000e+02,-8.488390601836466942e+01
3.832000000000000455e+02,-8.506327171773446594e+01
3.834000000000000341e+02,-8.500955483293569159e+01
3.836000000000000227e+02,-8.499658856056001355e+01
3.838000000000000114e+02,-8.497027573171179426e+01
3.840000000000000000e+02,-8.481907135097593198e+01
3.842000000000000455e+02,-8.488482457444773388e+01
3.844000000000000341e+02,-8.497898583878307477e+01
3.846000000000000227e+02,-8.529257243187925042e+01
3.848000000000000114e+02,-8.503067770741523645e+01
3.850000000000000000e+02,-8.524249079106863292e+01
3.852000000000000455e+02,-8.546599105418171405e+01
3.854000000000000341e+02,-8.511491675386781708e+01
3.856000000000000227e+02,-8.533354347669563822e+01
3.858000000000000114e+02,-8.482232289377743939e+01
3.860000000000000000e+02,-8.511630169888969988e+01
3.862000000000000455e+02,-8.509632379279504732e+01
3.864000000000000341e+02,-8.491460181659800810e+01
3.866000000000000227e+02,-8.521369711674186931e+01
3.868000000000000114e+02,-8.517407652173154986e+01
3.870000000000000000e+02,-8.481952057036956205e+01
3.872000000000000455e+02,-8.545736745019456748e+01
3.874000000000000341e+02,-8.532894493040041084e+01
3.876000000000000227e+02,-8.514638680905672175e+01
3.878000000000000114e+02,-8.491752214972903801e+01
3.880000000000000000e+02,-8.505202632886957304e+01
3.882000000000000455e+02,-8.540460755208354726e+01
3.884000000000000341e+02,-8.534592462807430024e+01
3.886000000000000227e+02,-8.469311782283672585e+01
3.888000000000000114e+02,-8.503841610138577778e+01
3.890000000000000000e+02,-8.527284322493486002e+01
3.892000000000000455e+02,-8.524005070276508889e+01
3.894000000000000341e+02,-8.418466640771505638e+01
3.896000000000000227e+02,-8.478540687683842236e+01
3.898000000000000114e+02,-8.553033848972309272e+01
3.900000000000000000e+02,-8.523665777724595216e+01
3.902000000000000455e+02,-8.494200132470781739e+01
3.904000000000000341e+02,-8.519231914633134295e+01
3.906000000000000227e+02,-8.483942635158825851e+01
3.908000000000000114e+02,-8.468386700241890708e+01
3.910000000000000000e+02,-8.512377794397247044e+01
3.912000000000000455e+02,-8.505272073539876487e+01
3.914000000000000341e+02,-8.516930768499801729e+01
3.916000000000000227e+02,-8.490717777577977188e+01
3.918000000000000114e+02,-8.475363061219815108e+01
3.920000000000000000e+02,-8.489574635408980896e+01
3.922000000000000455e+02,-8.540082182923566734e+01
3.924000000000000341e+02,-8.494221782824669731e+01
3.926000000000000227e+02,-8.527622718655948120e+01
3.928000000000000114e+02,-8.469517726079416775e+01
3.930000000000000000e+02,-8.501392479104040945e+01
3.932000000000000455e+02,-8.486919049949332816e+01
3.934000000000000341e+02,-8.513971341510722368e+01
3.936000000000000227e+02,-8.514325788150152619e+01
3.938000000000000114e+02,-8.502820278137582477e+01
3.940000000000000000e+02,-8.514432025689926320e+01
3.942000000000000455e+02,-8.474261314707773352e+01
3.944000000000000341e+02,-8.542361134999568151e+01
3.946000000000000227e+02,-8.496742777323584050e+01
3.948000000000000114e+02,-8.528616540549602121e+01
3.950000000000000000e+02,-8.492495642975264047e+01
3.952000000000000455e+02,-8.559021351204548012e+01
3.954000000000000341e+02,-8.482011839197198810e+01
3.956000000000000227e+02,-8.521970658222426209e+01
3.958000000000000114e+02,-8.545149607957745275e+01
3.960000000000000000e+02,-8.496461908989458323e+01
3.962000000000000455e+02,-8.519244572835187057e+01
3.964000000000000341e+02,-8.507592713556491049e+01
3.966000000000000227e+02,-8.483894397264316467e+01
3.968000000000000114e+02,-8.541942706973587462e+01
3.970000000000000000e+02,-8.533143097913016106e+01
3.972000000000000455e+02,-8.512794116097987285e+01
3.974000000000000341e+02,-8.500686932731247225e+01
3.976000000000000227e+02,-8.532535614129371027e+01
3.978000000000000114e+02,-8.534844193534971168e+01
3.980000000000000000e+02,-8.495802398345189488e+01
3.982000000000000455e+02,-8.490564933841596940e+01
3.984000000000000341e+02,-8.480294087114066315e+01
3.986000000000000227e+02,-8.522674220022338432e+01
3.988000000000000114e+02,-8.579921524907479125e+01
3.990000000000000000e+02,-8.502350615918926735e+01
3.992000000000000455e+02,-8.496506688706050170e+01
3.994000000000000341e+02,-8.552245088585200961e+01
3.996000000000000227e+02,-8.513384422767980197e+01
3.998000000000000114e+02,-8.508830541728153207e+01
4.000000000000000000e+02,-8.507273595325330007e+01
4.002000000000000455e+02,-8.527468952822724191e+01
4.004000000000000341e+02,-8.513834784187073979e+01
4.006000000000000227e+02,-8.500979676018508258e+01
4.008000000000000114e+02,-8.560462700428524840e+01
4.010000000000000000e+02,-8.493350031235313224e+01
4.012000000000000455e+02,-8.525341638103323305e+01
4.014000000000000341e+02,-8.497151700551295050e+01
4.016000000000000227e+02,-8.533898194537255222e+01
4.018000000000000114e+02,-8.559195145766145174e+01
4.020000000000000000e+02,-8.486940795109714486e+01
4.022000000000000455e+02,-8.475509000675177163e+01
4.024000000000000341e+02,-8.563118718736465951e+01
4.026000000000000227e+02,-8.548980313992468894e+01
4.028000000000000114e+02,-8.514386921001398889e+01
4.030000000000000000e+02,-8.543043012987240559e+01
4.032000000000000455e+02,-8.497870369951898795e+01
4.034000000000000341e+02,-8.536870823635766214e+01
4.036000000000000227e+02,-8.529951205870078468e+01
4.038000000000000114e+02,-8.511793189252814784e+01
4.040000000000000000e+02,-8.571601966033227882e+01
4.042000000000000455e+02,-8.525211582937653532e+01
4.044000000000000341e+02,-8.466914380775500604e+01
4.046000000000000227e+02,-8.502675473233682624e+01
4.048000000000000114e+02,-8.542392223976808907e+01
4.050000000000000000e+02,-8.491330907634397818e+01
4.052000000000000455e+02,-8.465968354568791199e+01
4.054000000000000341e+02,-8.485747889041441283e+01
4.056000000000000227e+02,-8.532296388052539271e+01
4.058000000000000114e+02,-8.534187442649559330e+01
4.060000000000000000e+02,-8.527075788598162376e+01
4.062000000000000455e+02,-8.544106435696855328e+01
4.064000000000000341e+02,-8.517215847443871723e+01
4.066000000000000227e+02,-8.543154522473757595e+01
4.068000000000000114e+02,-8.539959228084275367e+01
4.070000000000000000e+02,-8.510123634935612813e+01
4.072000000000000455e+02,-8.532300423553323299e+01
4.074000000000000341e+02,-8.523385167532376272e+01
4.076000000000000227e+02,-8.464636673532113775e+01
4.078000000000000114e+02,-8.509201132370367304e+01
4.080000000000000000e+02,-8.488713936434695029e+01
4.082000000000000455e+02,-8.507589369499444842e+01
4.084000000000000341e+02,-8.503528060918962694e+01
4.086000000000000227e+02,-8.552397038268793494e+01
4.088000000000000114e+02,-8.532406986001211635e+01
4.090000000000000000e+02,-8.525353973600759616e+01
4.092000000000000455e+02,-8.530028140272817438e+01
4.094000000000000341e+02,-8.523999942702697297e+01
4.096000000000000227e+02,-8.514994351568276443e+01
4.098000000000000114e+02,-8.524621779593688586e+01
4.100000000000000000e+02,-8.501881132445987532e+01
4.102000000000000455e+02,-8.525380283496048150e+01
4.104000000000000341e+02,-8.492150848984186950e+01
4.106000000000000227e+02,-8.519641246098071008e+01
4.108000000000000114e+02,-8.534244889569826853e+01
4.110000000000000000e+02,-8.550726784455417828e+01
4.112000000000000455e+02,-8.538740548802709895e+01
4.114000000000000341e+02,-8.525927579151350244e+01
4.116000000000000227e+02,-8.489582091113786078e+01
4.118000000000000114e+02,-8.551494088700160034e+01
4.120000000000000000e+02,-8.493757015985022463e+01
4.122000000000000455e+02,-8.522118435557898408e+01
4.124000000000000341e+02,-8.540673865176057689e+01
4.126000000000000227e+02,-8.552928337701145267e+01
4.128000000000000114e+02,-8.506289409099299803e+01
4.130000000000000000e+02,-8.567733250297487757e+01
4.132000000000000455e+02,-8.531678307146408713e+01
4.134000000000000341e+02,-8.531212496848056048e+01
4.136000000000000227e+02,-8.524344451511682053e+01
4.138000000000000114e+02,-8.505799492798846018e+01
4.140000000000000000e+02,-8.535757841991809869e+01
4.142000000000000455e+02,-8.517445873194711226e+01
4.144000000000000341e+02,-8.550963112905036212e+01
4.146000000000000227e+02,-8.519137099928941836e+01
4.148000000000000114e+02,-8.505432871450304333e+01
4.150000000000000000e+02,-8.529496319562144890e+01
4.152000000000000455e+02,-8.511549560442901452e+01
4.154000000000000341e+02,-8.518212488260007831e+01
4.156000000000000227e+02,-8.529497532267583892e+01
4.158000000000000114e+02,-8.522472661356381707e+01
4.160000000000000000e+02,-8.525889581280443963e+01
4.162000000000000455e+02,-8.570432002364300672e+01
4.164000000000000341e+02,-8.558616542987138587e+01
4.166000000000000227e+02,-8.510377743260690409e+01
4.168000000000000114e+02,-8.573469216995236764e+01
4.170000000000000000e+02,-8.492362402738697824e+01
4.172000000000000455e+02,-8.556632547522754351e+01
4.174000000000000341e+02,-8.520681373281625781e+01
4.176000000000000227e+02,-8.509702259078538589e+01
4.178000000000000114e+02,-8.537485099315449588e+01
4.180000000000000000e+02,-8.492562992158767088e+01
4.182000000000000455e+02,-8.555959942193319989e+01
4.184000000000000341e+02,-8.499080257358569668e+01
4.186000000000000227e+02,-8.518096232195034645e+01
4.188000000000000114e+02,-8.525650436570805368e+01
4.190000000000000000e+02,-8.496638953581395981e+01
4.192000000000000455e+02,-8.508510484107782190e+01
4.194000000000000341e+02,-8.552164159432514623e+01
4.196000000000000227e+02,-8.486817268735504172e+01
4.198000000000000114e+02,-8.497072850865934868e+01
4.200000000000000000e+02,-8.519637712795240247e+01
4.202000000000000455e+02,-8.518550777437938848e+01
4.204000000000000341e+02,-8.488947025644921496e+01
4.206000000000000227e+02,-8.480958532420595475e+01
4.208000000000000114e+02,-8.507156189176600947e+01
4.210000000000000000e+02,-8.551597917297024765e+01
4.212000000000000455e+02,-8.519585775534129368e+01
4.214000000000000341e+02,-8.502151097124344403e+01
4.216000000000000227e+02,-8.543573536660723278e+01
4.218000000000000114e+02,-8.552917152667315293e+01
4.220000000000000000e+02,-8.522685339901039470e+01
4.222000000000000455e+02,-8.520079941737807872e+01
4.224000000000000341e+02,-8.513502449784265025e+01
4.226000000000000227e+02,-8.492249786274103940e+01
4.228000000000000114e+02,-8.577626898988235382e+01
4.230000000000000000e+02,-8.520628640821728084e+01
4.232000000000000455e+02,-8.528325952191225667e+01
4.234000000000000341e+02,-8.522849029221070793e+01
4.236000000000000227e+02,-8.519115599584904430e+01
4.238000000000000114e+02,-8.497716282314641489e+01
4.240000000000000000e+02,-8.509445212271792514e+01
4.242000000000000455e+02,-8.524619458135362038e+01
4.244000000000000341e+02,-8.521307371064339975e+01
4.246000000000000227e+02,-8.520959643784830462e+01
4.248000000000000114e+02,-8.526975912537663760e+01
4.250000000000000000e+02,-8.490659533062630260e+01
4.252000000000000455e+02,-8.571573864918387642e+01
4.254000000000000341e+02,-8.558863263110139030e+01
4.256000000000000227e+02,-8.483942805652475272e+01
4.258000000000000114e+02,-8.509600188244996843e+01
4.260000000000000000e+02,-8.508233193110648074e+01
4.262000000000000455e+02,-8.495102197755352336e+01
4.264000000000000341e+02,-8.574573300726601133e+01
4.266000000000000227e+02,-8.488193516073890521e+01
4.268000000000000114e+02,-8.553390903043241167e+01
4.270000000000000000e+02,-8.548855093350488232e+01
4.272000000000000455e+02,-8.498437791227398463e+01
4.274000000000000341e+02,-8.553293922865772458e+01
4.276000000000000227e+02,-8.511185079084840766e+01
4.278000000000000114e+02,-8.488831882253541039e+01
4.280000000000000000e+02,-8.540811885414603921e+01
4.282000000000000455e+02,-8.539355902667682585e+01
4.284000000000000341e+02,-8.507884959382151635e+01
4.286000000000000227e+02,-8.502334329756750719e+01
4.288000000000000114e+02,-8.516255860522095134e+01
4.290000000000000000e+02,-8.564389734220591777e+01
4.292000000000000455e+02,-8.484656899589346324e+01
4.294000000000000341e+02,-8.509406016133759465e+01
4.296000000000000227e+02,-8.583946324631331493e+01
4.298000000000000114e+02,-8.547575625220072482e+01
4.300000000000000000e+02,-8.551637953925100533e+01
4.302000000000000455e+02,-8.544635621044980667e+01
4.304000000000000341e+02,-8.518847877914420508e+01
4.306000000000000227e+02,-8.543185922004741428e+01
4.308000000000000114e+02,-8.494737298102552359e+01
4.310000000000000000e+02,-8.497698304478190323e+01
4.312000000000000455e+02,-8.523616189036133051e+01
4.314000000000000341e+02,-8.551858758330773469e+01
4.316000000000000227e+02,-8.525598961585392033e+01
4.318000000000000114e+02,-8.515470120466349613e+01
4.320000000000000000e+02,-8.496633080898891421e+01
4.322000000000000455e+02,-8.537357195029942147e+01
4.324000000000000341e+02,-8.523812045386280545e+01
4.326000000000000227e+02,-8.550778765855734775e+01
4.328000000000000114e+02,-8.537439933351271293e+01
4.330000000000000000e+02,-8.496761947748770183e+01
4.332000000000000455e+02,-8.486120268363156072e+01
4.334000000000000341e+02,-8.534704587472648996e+01
4.336000000000000227e+02,-8.532738512952562360e+01
4.338000000000000114e+02,-8.545206324359425309e+01
4.340000000000000000e+02,-8.564484376593857462e+01
4.342000000000000455e+02,-8.516979998105500727e+01
4.344000000000000341e+02,-8.514536261584352417e+01
4.346000000000000227e+02,-8.511296778255169215e+01
4.348000000000000114e+02,-8.525809018069639933e+01
4.350000000000000000e+02,-8.513286323895043495e+01
4.352000000000000455e+02,-8.522436274720915605e+01
4.354000000000000341e+02,-8.495513488282800552e+01
4.356000000000000227e+02,-8.517314631663580826e+01
4.358000000000000114e+02,-8.490449653332893831e+01
4.360000000000000000e+02,-8.499977908482466660e+01
4.362000000000000455e+02,-8.517865393044203870e+01
4.364000000000000341e+02,-8.557952098321270284e+01
4.366000000000000227e+02,-8.514016484256990225e+01
4.368000000000000114e+02,-8.518982876748373201e+01
4.370000000000000000e+02,-8.479090000188683973e+01
4.372000000000000455e+02,-8.508550439057486869e+01
4.374000000000000341e+02,-8.555444176748072493e+01
4.376000000000000227e+02,-8.547037336252253681e+01
4.378000000000000114e+02,-8.503170594458116227e+01
4.380000000000000000e+02,-8.532150027213843657e+01
4.382000000000000455e+02,-8.557447602617583016e+01
4.384000000000000341e+02,-8.515159378116030098e+01
4.386000000000000227e+02,-8.515140170850131085e+01
4.388000000000000114e+02,-8.530497863562813166e+01
4.390000000000000000e+02,-8.506047260930219522e+01
4.392000000000000455e+02,-8.530245791190877469e+01
4.394000000000000341e+02,-8.481072264928408799e+01
4.396000000000000227e+02,-8.555183028382185739e+01
4.398000000000000114e+02,-8.505099795442281163e+01
4.400000000000000000e+02,-8.503075687237537750e+01
4.402000000000000455e+02,-8.496231101015564491e+01
4.404000000000000341e+02,-8.531086474538473396e+01
4.406000000000000227e+02,-8.538332260401151075e+01
4.408000000000000114e+02,-8.484542738787268945e+01
4.410000000000000000e+02,-8.514447531431116545e+01
4.412000000000000455e+02,-8.542792214884943292e+01
4.414000000000000341e+02,-8.507407041794768077e+01
4.416000000000000227e+02,-8.488590708932120776e+01
4.418000000000000114e+02,-8.511660111000017537e+01
4.420000000000000000e+02,-8.546520934944786063e+01
4.422000000000000455e+02,-8.503937535917351909e+01
4.424000000000000341e+02,-8.566913189561768149e+01
4.426000000000000227e+02,-8.509105925459662956e+01
4.428000000000000114e+02,-8.504119739222564078e+01
4.430000000000000000e+02,-8.534178601794657482e+01
4.432000000000000455e+02,-8.521752599707853904e+01
4.434000000000000341e+02,-8.524975068981717641e+01
4.436000000000000227e+02,-8.542178214272976788e+01
4.438000000000000114e+02,-8.550274508529670925e+01
4.440000000000000000e+02,-8.535852643866223843e+01
4.442000000000000455e+02,-8.544486955641568215e+01
4.444000000000000341e+02,-8.491141606746229797e+01
4.446000000000000227e+02,-8.562920317920915636e+01
4.448000000000000114e+02,-8.484109074180919663e+01
4.450000000000000000e+02,-8.535025413942554451e+01
4.452000000000000455e+02,-8.548466805867073504e+01
4.454000000000000341e+02,-8.542847626459217736e+01
4.456000000000000227e+02,-8.555316118251249691e+01
4.458000000000000114e+02,-8.580146731370452073e+01
4.460000000000000000e+02,-8.508993253579035354e+01
4.462000000000000455e+02,-8.533284532741649286e+01
4.464000000000000341e+02,-8.550454907231704738e+01
4.466000000000000227e+02,-8.562189707410854567e+01
4.468000000000000114e+02,-8.543664776663675298e+01
4.470000000000000000e+02,-8.560931636094524322e+01
4.472000000000000455e+02,-8.497229894497158398e+01
4.474000000000000341e+02,-8.577151101026369417e+01
4.476000000000000227e+02,-8.553749374679389916e+01
4.478000000000000114e+02,-8.551919432964737666e+01
4.480000000000000000e+02,-8.518014224313854754e+01
4.482000000000000455e+02,-8.523598992485524661e+01
4.484000000000000341e+02,-8.533612828293573216e+01
4.486000000000000227e+02,-8.534348197234324118e+01
4.488000000000000114e+02,-8.520140284326517133e+01
4.490000000000000000e+02,-8.550027493435439396e+01
4.492000000000000455e+02,-8.518099277413934090e+01
4.494000000000000341e+02,-8.563309266665572750e+01
4.496000000000000227e+02,-8.516781813534424828e+01
4.498000000000000114e+02,-8.543020061728478254e+01
4.500000000000000000e+02,-8.502178283379593893e+01
4.502000000000000455e+02,-8.561020561657210237e+01
4.504000000000000341e+02,-8.541823361033131334e+01
4.506000000000000227e+02,-8.551057338403255415e+01
4.508000000000000114e+02,-8.507078088013498984e+01
4.510000000000000000e+02,-8.565914689406363891e+01
4.512000000000000455e+02,-8.508577385623758005e+01
4.514000000000000341e+02,-8.519149313470614970e+01
4.516000000000000227e+02,-8.516629013324346431e+01
4.518000000000000114e+02,-8.548030861537088754e+01
4.520000000000000000e+02,-8.518991837401033251e+01
4.522000000000000455e+02,-8.487155712870320201e+01
4.524000000000000341e+02,-8.548254815392724026e+01
4.526000000000000227e+02,-8.524690643556075997e+01
4.528000000000000114e+02,-8.537645630393420504e+01
4.530000000000000000e+02,-8.558625412370415120e+01
4.532000000000000455e+02,-8.551785532398773171e+01
4.534000000000000341e+02,-8.518091595788297354e+01
4.536000000000000227e+02,-8.532395397093326039e+01
4.538000000000000114e+02,-8.592631730488865571e+01
4.540000000000000000e+02,-8.518049367255015625e+01
4.542000000000000455e+02,-8.539344079958766542e+01
4.544000000000000341e+02,-8.508508381266175036e+01
4.546000000000000227e+02,-8.547590562919739909e+01
4.548000000000000114e+02,-8.473874114065128538e+01
4.550000000000000000e+02,-8.555313551963612895e+01
4.552000000000000455e+02,-8.512486628325447668e+01
4.554000000000000341e+02,-8.558576178713882143e+01
4.556000000000000227e+02,-8.526863131015257125e+01
4.558000000000000114e+02,-8.560472048886030905e+01
4.560000000000000000e+02,-8.500460292737912482e+01
4.562000000000000455e+02,-8.532406259362063849e+01
4.564000000000000341e+02,-8.494556524882625581e+01
4.566000000000000227e+02,-8.534404929511475757e+01
4.568000000000000114e+02,-8.572628724852546611e+01
4.570000000000000000e+02,-8.553144589978322188e+01
4.572000000000000455e+02,-8.541917725716176335e+01
4.574000000000000341e+02,-8.497622799302129692e+01
4.576000000000000227e+02,-8.463970453511362280e+01
4.578000000000000114e+02,-8.535107594746621373e+01
4.580000000000000000e+02,-8.524349846711014322e+01
4.582000000000000455e+02,-8.501094001902259834e+01
4.584000000000000341e+02,-8.560925994157344121e+01
4.586000000000000227e+02,-8.540329784224647369e+01
4.588000000000000114e+02,-8.515746243891038603e+01
4.590000000000000000e+02,-8.523704026741609141e+01
4.592000000000000455e+02,-8.534686657845684010e+01
4.594000000000000341e+02,-8.557059788408290046e+01
4.596000000000000227e+02,-8.530066137189312769e+01
4.598000000000000114e+02,-8.514895009921248459e+01
4.600000000000000000e+02,-8.550723462138793707e+01
4.602000000000000455e+02,-8.530946946732602498e+01
4.604000000000000341e+02,-8.480611227243315398e+01
4.606000000000000227e+02,-8.520967150009015256e+01
4.608000000000000114e+02,-8.518118234034656666e+01
4.610000000000000000e+02,-8.558896734500753212e+01
4.612000000000000455e+02,-8.546809549274918538e+01
4.614000000000000341e+02,-8.541019890633141642e+01
4.616000000000000227e+02,-8.554095690628400916e+01
4.618000000000000114e+02,-8.563401726790229418e+01
4.620000000000000000e+02,-8.572363987253805817e+01
4.622000000000000455e+02,-8.538461953891363976e+01
4.624000000000000341e+02,-8.512489772273950450e+01
4.626000000000000227e+02,-8.517935950880129781e+01
4.628000000000000114e+02,-8.516493592594780182e+01
4.630000000000000000e+02,-8.510643565672560840e+01
4.632000000000000455e+02,-8.554961364126249634e+01
4.634000000000000341e+02,-8.550617543105985874e+01
4.636000000000000227e+02,-8.539470347879566248e+01
4.638000000000000114e+02,-8.555907020726796475e+01
4.640000000000000000e+02,-8.527428619383476871e+01
4.642000000000000455e+02,-8.550294047457428803e+01
4.644000000000000341e+02,-8.505911032056147292e+01
4.646000000000000227e+02,-8.555750780192781235e+01
4.648000000000000114e+02,-8.519785530255757067e+01
4.650000000000000000e+02,-8.491924590348268964e+01
4.652000000000000455e+02,-8.564318703647377617e+01
4.654000000000000341e+02,-8.547765557119585367e+01
4.656000000000000227e+02,-8.553230793277057842e+01
4.658000000000000114e+02,-8.560577972331240915e+01
4.660000000000000000e+02,-8.527598153053061480e+01
4.662000000000000455e+02,-8.521651558114623981e+01
4.664000000000000341e+02,-8.552523855957306864e+01
4.666000000000000227e+02,-8.547059802576887932e+01
4.668000000000000114e+02,-8.528231478115716868e+01
4.670000000000000000e+02,-8.526486656502743244e+01
4.672000000000000455e+02,-8.562163919785106714e+01
4.674000000000000341e+02,-8.476882573646646790e+01
4.676000000000000227e+02,-8.540303245600958348e+01
4.678000000000000114e+02,-8.532307953445000237e+01
4.680000000000000000e+02,-8.550256341648695013e+01
4.682000000000000455e+02,-8.541065616196424060e+01
4.684000000000000341e+02,-8.557249003997016246e+01
4.686000000000000227e+02,-8.493979321921561620e+01
4.688000000000000114e+02,-8.580908422933045188e+01
4.690000000000000000e+02,-8.539395858843292331e+01
4.692000000000000455e+02,-8.518287596832681174e+01
4.694000000000000341e+02,-8.574789092417185543e+01
4.696000000000000227e+02,-8.523376559397279095e+01
4.698000000000000114e+02,-8.502032464977588688e+01
4.700000000000000000e+02,-8.527578994264881374e+01
4.702000000000000455e+02,-8.535031103812673337e+01
4.704000000000000341e+02,-8.535929561809065547e+01
4.706000000000000227e+02,-8.542154719723586709e+01
4.708000000000000114e+02,-8.520655685294245529e+01
4.710000000000000000e+02,-8.556791125910902451e+01
4.712000000000000455e+02,-8.527075414002375453e+01
4.714000000000000341e+02,-8.543751608286349608e+01
4.716000000000000227e+02,-8.549871706156565665e+01
4.718000000000000114e+02,-8.564283139669394984e+01
4.720000000000000000e+02,-8.518553104644313123e+01
4.722000000000000455e+02,-8.550224950249943845e+01
4.724000000000000341e+02,-8.508563267349191506e+01
4.726000000000000227e+02,-8.536244799054486521e+01
4.728000000000000114e+02,-8.535663311844382406e+01
4.730000000000000000e+02,-8.563075111659924232e+01
4.732000000000000455e+02,-8.560673420763923502e+01
4.734000000000000341e+02,-8.522037751745226331e+01
4.736000000000000227e+02,-8.538159525505855640e+01
4.738000000000000114e+02,-8.534328344147796486e+01
4.740000000000000000e+02,-8.519563560142007930e+01
4.742000000000000455e+02,-8.522834765955576586e+01
4.744000000000000341e+02,-8.544818604840223486e+01
4.746000000000000227e+02,-8.463604999211750624e+01
4.748000000000000114e+02,-8.457630273715308533e+01
4.750000000000000000e+02,-8.525040379244659050e+01
4.752000000000000455e+02,-8.572069762324953501e+01
4.754000000000000341e+02,-8.558471799960810245e+01
4.756000000000000227e+02,-8.521629654064642523e+01
4.758000000000000114e+02,-8.550629845179769006e+01
4.760000000000000000e+02,-8.538298713394223682e+01
4.762000000000000455e+02,-8.586216225851482875e+01
4.764000000000000341e+02,-8.525434427280617911e+01
4.766000000000000227e+02,-8.506169225058391703e+01
4.768000000000000114e+02,-8.566780896499781761e+01
4.770000000000000000e+02,-8.545050282647784456e+01
4.772000000000000455e+02,-8.545479464207801357e+01
4.774000000000000341e+02,-8.598667448764872745e+01
4.776000000000000227e+02,-8.548477377589631487e+01
4.778000000000000114e+02,-8.550856249321775238e+01
4.780000000000000000e+02,-8.571507017114184634e+01
4.782000000000000455e+02,-8.558572511289580120e+01
4.784000000000000341e+02,-8.530578519727167475e+01
4.786000000000000227e+02,-8.528255926537516984e+01
4.788000000000000114e+02,-8.528709688175142389e+01
4.790000000000000000e+02,-8.551270904286576524e+01
4.792000000000000455e+02,-8.557535357984957614e+01
4.794000000000000341e+02,-8.533318639517163717e+01
4.796000000000000227e+02,-8.546822435142398433e+01
4.798000000000000114e+02,-8.511123946635551363e+01
4.800000000000000000e+02,-8.507967094968306299e+01
4.802000000000000455e+02,-8.548930527150763226e+01
4.804000000000000341e+02,-8.577992709488151490e+01
4.806000000000000227e+02,-8.532611826726936499e+01
4.808000000000000114e+02,-8.553958442412955776e+01
4.810000000000000000e+02,-8.516718811191593375e+01
4.812000000000000455e+02,-8.519813882020559959e+01
4.814000000000000341e+02,-8.563621685021125529e+01
4.816000000000000227e+02,-8.511190717275549389e+01
4.818000000000000114e+02,-8.502629527187392000e+01
4.820000000000000000e+02,-8.527820792348209977e+01
4.822000000000000455e+02,-8.522262616599802243e+01
4.824000000000000341e+02,-8.550579296185560452e+01
4.826000000000000227e+02,-8.559074882070147794e+01
4.828000000000000114e+02,-8.506263426986159004e+01
4.830000000000000000e+02,-8.531647547172752866e+01
4.832000000000000455e+02,-8.540006781163516791e+01
4.834000000000000341e+02,-8.539477602555611213e+01
4.836000000000000227e+02,-8.518974966227887080e+01
4.838000000000000114e+02,-8.543224760279899499e+01
4.840000000000000000e+02,-8.550333601962444163e+01
4.842000000000000455e+02,-8.545530870512378385e+01
4.844000000000000341e+02,-8.542014036520109244e+01
4.846000000000000227e+02,-8.550152666693666959e+01
4.848000000000000114e+02,-8.535823051866988465e+01
4.850000000000000000e+02,-8.550359252465500504e+01
4.852000000000000455e+02,-8.549481610511357133e+01
4.854000000000000341e+02,-8.488484012720903138e+01
4.856000000000000227e+02,-8.538005009422448666e+01
4.858000000000000114e+02,-8.495525846570413364e+01
4.860000000000000000e+02,-8.563383546649853884e+01
4.862000000000000455e+02,-8.519432894312222970e+01
4.864000000000000341e+02,-8.538059194642107741e+01
4.866000000000000227e+02,-8.496105677519331323e+01
4.868000000000000114e+02,-8.550049320891469051e+01
4.870000000000000000e+02,-8.493650272867120066e+01
4.872000000000000455e+02,-8.553213136675324790e+01
4.874000000000000341e+02,-8.538344885916195892e+01
4.876000000000000227e+02,-8.567476259729363619e+01
4.878000000000000114e+02,-8.539476380908722319e+01
4.880000000000000000e+02,-8.543821621941431488e+01
4.882000000000000455e+02,-8.566424083735931561e+01
4.884000000000000341e+02,-8.584877697446221134e+01
4.886000000000000227e+02,-8.516355907287191940e+01
4.888000000000000114e+02,-8.526425890394078522e+01
4.890000000000000000e+02,-8.556250993653132753e+01
4.892000000000000455e+02,-8.541550524454682147e+01
4.894000000000000341e+02,-8.557048884516835585e+01
4.896000000000000227e+02,-8.542408711701297364e+01
4.898000000000000114e+02,-8.532743787147332171e+01
4.900000000000000000e+02,-8.530204924239457398e+01
4.902000000000000455e+02,-8.551595151104157821e+01
4.904000000000000341e+02,-8.544353704653869386e+01
4.906000000000000227e+02,-8.526243491521212547e+01
4.908000000000000114e+02,-8.555667345819986735e+01
4.910000000000000000e+02,-8.553110835922309718e+01
4.912000000000000455e+02,-8.537213328960348235e+01
4.914000000000000341e+02,-8.526928156818304672e+01
4.916000000000000227e+02,-8.549933538460224725e+01
4.918000000000000114e+02,-8.519459059216765695e+01
4.920000000000000000e+02,-8.541161419514146758e+01
4.922000000000000455e+02,-8.556265820299638847e+01
4.924000000000000341e+02,-8.537124265354532326e+01
4.926000000000000227e+02,-8.575939254515009225e+01
4.928000000000000114e+02,-8.585456773029139299e+01
4.930000000000000000e+02,-8.531120921861958095e+01
4.932000000000000455e+02,-8.584041840043276750e+01
4.934000000000000341e+02,-8.559719593508167179e+01
4.936000000000000227e+02,-8.514741265039877760e+01
4.938000000000000114e+02,-8.531452745036885688e+01
4.940000000000000000e+02,-8.561031288841300579e+01
4.942000000000000455e+02,-8.540193852036006206e+01
4.944000000000000341e+02,-8.575703412452648422e+01
4.946000000000000227e+02,-8.568372658852801749e+01
4.948000000000000114e+02,-8.544125189052455482e+01
4.950000000000000000e+02,-8.525280287444358862e+01
4.952000000000000455e+02,-8.540846507868911885e+01
4.954000000000000341e+02,-8.542147324224821148e+01
4.956000000000000227e+02,-8.556335227663880971e+01
4.958000000000000114e+02,-8.538250269427594219e+01
4.960000000000000000e+02,-8.520249340478515876e+01
4.962000000000000455e+02,-8.512592600011008415e+01
4.964000000000000341e+02,-8.531653434478650411e+01
4.966000000000000227e+02,-8.537209738678362214e+01
4.968000000000000114e+02,-8.531416254662099163e+01
4.970000000000000000e+02,-8.527197899236293210e+01
4.972000000000000455e+02,-8.552412601307784712e+01
4.974000000000000341e+02,-8.549632232131142473e+01
4.976000000000000227e+02,-8.557026755681400232e+01
4.978000000000000114e+02,-8.556196768979629041e+01
4.980000000000000000e+02,-8.493437151851107103e+01
4.982000000000000455e+02,-8.520925509163045319e+01
4.984000000000000341e+02,-8.557703461909038367e+01
4.986000000000000227e+02,-8.539563021983926205e+01
4.988000000000000114e+02,-8.532969638812774349e+01
4.990000000000000000e+02,-8.542941712387688824e+01
4.992000000000000455e+02,-8.564822449464702458e+01
4.994000000000000341e+02,-8.504601167011155383e+01
4.996000000000000227e+02,-8.570510747127124773e+01
4.998000000000000114e+02,-8.519127326944050083e+01
5.000000000000000000e+02,-8.539520572642102536e+01
